Subt_2:202		
345.868	11.91	
346.082	11.91	
346.296	11.91	
346.51	-29.46	
346.724	-10.62	
346.937	7	
347.151	-4.88	
347.365	-64.68	
347.579	-10.62	
347.793	16.83	
348.006	25.02	
348.22	12.73	
348.434	26.25	
348.648	-29.46	
348.861	1.67	
349.075	-24.95	
349.289	45.09	
349.502	-14.71	
349.716	-32.32	
349.93	7.82	
350.143	-1.6	
350.357	7.41	
350.571	27.48	
350.784	-6.11	
350.998	10.68	
351.212	16.01	
351.425	-33.96	
351.639	24.61	
351.852	4.95	
352.066	-13.89	
352.28	-16.76	
352.493	-29.87	
352.707	3.72	
352.92	32.39	
353.134	9.86	
353.347	-17.99	
353.561	1.67	
353.774	-7.75	
353.988	-43.79	
354.201	13.14	
354.415	5.36	
354.628	-9.39	
354.841	-29.46	
355.055	6.18	
355.268	-22.49	
355.482	-11.43	
355.695	15.19	
355.908	-13.48	
356.122	-5.29	
356.335	2.08	
356.549	-33.14	
356.762	-0.38	
356.975	-4.88	
357.189	27.07	
357.402	40.99	
357.615	2.9	
357.828	-44.2	
358.042	-10.62	
358.255	-13.89	
358.468	-41.74	
358.682	-56.9	
358.895	32.8	
359.108	-18.4	
359.321	-27.82	
359.534	4.54	
359.748	-5.7	
359.961	-35.6	
360.174	-29.05	
360.387	29.12	
360.6	-22.08	
360.813	-31.5	
361.027	18.47	
361.24	23.38	
361.453	32.8	
361.666	-24.54	
361.879	8.23	
362.092	-14.71	
362.305	-33.14	
362.518	25.02	
362.731	48.37	
362.944	-6.93	
363.157	26.66	
363.37	-22.49	
363.583	-3.24	
363.796	-32.73	
364.009	-45.43	
364.222	4.13	
364.435	-43.38	
364.648	-20.45	
364.861	-31.09	
365.074	11.09	
365.287	0.85	
365.5	11.5	
365.713	33.21	
365.926	6.18	
366.139	-14.3	
366.352	-42.97	
366.564	-4.88	
366.777	-50.76	
366.99	-4.06	
367.203	19.69	
367.416	-3.24	
367.629	-7.34	
367.841	16.83	
368.054	-8.98	
368.267	14.37	
368.48	3.31	
368.693	7	
368.905	2.49	
369.118	-13.89	
369.331	17.24	
369.544	-49.53	
369.756	10.27	
369.969	-6.52	
370.182	-17.99	
370.394	48.78	
370.607	-18.81	
370.82	5.77	
371.032	15.19	
371.245	43.86	
371.458	-38.06	
371.67	-49.12	
371.883	-9.39	
372.095	5.36	
372.308	32.8	
372.52	26.25	
372.733	15.19	
372.946	-5.29	
373.158	11.5	
373.371	13.96	
373.583	55.74	
373.796	10.68	
374.008	4.54	
374.221	-9.39	
374.433	-9.8	
374.646	-8.16	
374.858	6.59	
375.071	10.27	
375.283	18.06	
375.495	11.5	
375.708	27.07	
375.92	-9.8	
376.133	-2.01	
376.345	14.37	
376.557	10.68	
376.77	-60.18	
376.982	10.27	
377.194	38.95	
377.407	-59.77	
377.619	0.44	
377.831	-4.47	
378.044	-6.11	
378.256	-22.9	
378.468	-4.06	
378.68	31.16	
378.893	29.93	
379.105	-21.67	
379.317	-10.21	
379.529	-13.48	
379.742	-17.58	
379.954	-30.69	
380.166	-16.35	
380.378	-5.7	
380.59	18.06	
380.803	-2.42	
381.015	-9.39	
381.227	34.85	
381.439	-0.79	
381.651	-7.34	
381.863	-0.79	
382.075	2.49	
382.287	0.44	
382.499	19.69	
382.712	9.05	
382.924	-47.07	
383.136	20.92	
383.348	4.95	
383.56	6.59	
383.772	-14.3	
383.984	-36.83	
384.196	-21.26	
384.408	-9.39	
384.62	11.91	
384.832	2.08	
385.044	15.6	
385.255	18.88	
385.467	-29.87	
385.679	-9.39	
385.891	30.34	
386.103	20.92	
386.315	-22.08	
386.527	-7.75	
386.739	19.69	
386.951	7	
387.162	-2.01	
387.374	-22.08	
387.586	-47.48	
387.798	2.9	
388.01	-17.99	
388.221	-0.38	
388.433	-11.02	
388.645	51.64	
388.857	14.37	
389.069	-21.26	
389.28	2.08	
389.492	-16.76	
389.704	22.15	
389.915	12.73	
390.127	-5.29	
390.339	-6.52	
390.55	3.31	
390.762	-13.89	
390.974	-59.36	
391.185	-22.08	
391.397	-31.09	
391.609	-16.76	
391.82	72.12	
392.032	-2.42	
392.243	6.18	
392.455	6.18	
392.667	38.13	
392.878	7.82	
393.09	-6.93	
393.301	23.38	
393.513	3.31	
393.724	5.77	
393.936	0.03	
394.147	2.08	
394.359	-8.57	
394.57	-30.69	
394.782	-22.9	
394.993	-22.49	
395.204	7	
395.416	12.73	
395.627	-22.08	
395.839	3.31	
396.05	-40.52	
396.261	12.73	
396.473	28.71	
396.684	38.13	
396.896	-7.34	
397.107	-27.41	
397.318	19.29	
397.529	5.36	
397.741	6.18	
397.952	18.06	
398.163	31.98	
398.375	-3.24	
398.586	-23.31	
398.797	-24.54	
399.008	16.42	
399.22	-22.9	
399.431	-39.29	
399.642	-12.66	
399.853	23.79	
400.064	-7.34	
400.276	14.37	
400.487	-15.94	
400.698	25.02	
400.909	54.51	
401.12	50.82	
401.331	40.58	
401.542	14.78	
401.754	37.31	
401.965	37.72	
402.176	-26.59	
402.387	44.27	
402.598	23.38	
402.809	47.96	
403.02	56.97	
403.231	70.07	
403.442	47.14	
403.653	67.21	
403.864	44.27	
404.075	-37.24	
404.286	-4.88	
404.497	48.78	
404.708	19.69	
404.919	-37.24	
405.13	18.06	
405.341	51.23	
405.551	-92.12	
405.762	-6.93	
405.973	25.43	
406.184	16.01	
406.395	-21.67	
406.606	51.23	
406.817	-1.19	
407.027	-8.57	
407.238	13.14	
407.449	-13.07	
407.66	18.88	
407.871	13.14	
408.081	-24.54	
408.292	-15.94	
408.503	-8.98	
408.714	17.65	
408.924	-22.49	
409.135	38.13	
409.346	-4.06	
409.556	25.84	
409.767	34.03	
409.978	34.85	
410.188	18.88	
410.399	29.12	
410.61	-20.45	
410.82	-15.94	
411.031	31.16	
411.242	-4.06	
411.452	9.86	
411.663	13.55	
411.873	52.87	
412.084	52.87	
412.295	-12.25	
412.505	-2.42	
412.716	-34.37	
412.926	32.39	
413.137	8.64	
413.347	38.13	
413.558	-6.11	
413.768	1.26	
413.979	-4.88	
414.189	43.45	
414.399	-2.01	
414.61	-46.66	
414.82	-12.25	
415.031	-7.34	
415.241	13.55	
415.451	-30.69	
415.662	1.26	
415.872	28.71	
416.083	-35.6	
416.293	-3.24	
416.503	38.54	
416.714	-12.66	
416.924	13.14	
417.134	-31.91	
417.344	21.33	
417.555	38.95	
417.765	-3.65	
417.975	-8.57	
418.186	-5.29	
418.396	-13.89	
418.606	-38.88	
418.816	-6.93	
419.026	6.59	
419.237	-41.33	
419.447	-7.34	
419.657	-13.07	
419.867	-10.62	
420.077	7.82	
420.287	27.07	
420.497	-0.38	
420.708	35.67	
420.918	-4.88	
421.128	26.25	
421.338	-30.69	
421.548	-22.08	
421.758	-10.62	
421.968	47.55	
422.178	20.92	
422.388	-0.38	
422.598	-12.25	
422.808	12.32	
423.018	-3.24	
423.228	0.03	
423.438	4.95	
423.648	-1.6	
423.858	7.41	
424.068	30.34	
424.278	-26.18	
424.488	-32.73	
424.698	-0.38	
424.907	16.01	
425.117	-36.42	
425.327	2.49	
425.537	34.44	
425.747	-15.12	
425.957	15.6	
426.167	-27.41	
426.376	-20.04	
426.586	7.41	
426.796	52.05	
427.006	-19.22	
427.216	-1.19	
427.425	28.3	
427.635	9.05	
427.845	-23.31	
428.054	-9.8	
428.264	4.13	
428.474	45.91	
428.684	5.77	
428.893	16.83	
429.103	-4.47	
429.313	-31.5	
429.522	32.39	
429.732	-9.39	
429.941	47.96	
430.151	30.75	
430.361	14.78	
430.57	-19.22	
430.78	33.21	
430.989	-17.58	
431.199	16.42	
431.409	21.33	
431.618	-32.73	
431.828	9.45	
432.037	31.16	
432.247	-5.7	
432.456	9.86	
432.666	-6.93	
432.875	56.97	
433.084	36.49	
433.294	7.41	
433.503	-33.14	
433.713	44.68	
433.922	-18.4	
434.132	-6.52	
434.341	-20.04	
434.55	-3.65	
434.76	-41.33	
434.969	-1.19	
435.178	-37.24	
435.388	27.07	
435.597	25.02	
435.806	-15.94	
436.016	-20.04	
436.225	-81.88	
436.434	19.69	
436.643	29.93	
436.853	18.47	
437.062	0.03	
437.271	40.58	
437.48	2.08	
437.69	1.67	
437.899	-29.46	
438.108	23.79	
438.317	-42.15	
438.526	3.31	
438.735	34.85	
438.945	50	
439.154	-24.95	
439.363	-12.25	
439.572	35.67	
439.781	23.38	
439.99	27.07	
440.199	-51.98	
440.408	28.3	
440.617	73.35	
440.826	-7.75	
441.035	29.93	
441.244	4.13	
441.453	26.25	
441.662	23.79	
441.871	-1.6	
442.08	7.41	
442.289	-1.6	
442.498	-70.83	
442.707	-0.79	
442.916	-33.55	
443.125	6.18	
443.334	-48.3	
443.543	22.97	
443.752	20.51	
443.961	30.75	
444.169	-11.02	
444.378	-9.39	
444.587	16.01	
444.796	-4.06	
445.005	30.34	
445.213	18.88	
445.422	21.33	
445.631	0.44	
445.84	-54.44	
446.049	32.8	
446.257	2.9	
446.466	7	
446.675	-18.4	
446.883	33.62	
447.092	-13.89	
447.301	21.33	
447.51	51.23	
447.718	24.61	
447.927	25.84	
448.135	-14.71	
448.344	-8.57	
448.553	-33.55	
448.761	4.54	
448.97	-11.84	
449.179	20.51	
449.387	7.41	
449.596	-7.75	
449.804	-10.62	
450.013	20.92	
450.221	-1.19	
450.43	10.68	
450.638	12.32	
450.847	54.92	
451.055	32.8	
451.264	-21.67	
451.472	45.09	
451.681	46.32	
451.889	25.84	
452.097	6.18	
452.306	2.49	
452.514	-6.11	
452.723	31.57	
452.931	-37.65	
453.139	-25.77	
453.348	25.43	
453.556	8.23	
453.764	-2.42	
453.973	18.47	
454.181	3.31	
454.389	26.66	
454.598	20.1	
454.806	22.97	
455.014	2.08	
455.222	7	
455.431	4.54	
455.639	-12.25	
455.847	12.32	
456.055	54.1	
456.264	20.51	
456.472	13.96	
456.68	6.59	
456.888	33.21	
457.096	27.89	
457.304	1.67	
457.512	24.2	
457.721	4.13	
457.929	-26.18	
458.137	17.65	
458.345	-35.19	
458.553	6.18	
458.761	44.68	
458.969	11.91	
459.177	24.2	
459.385	26.66	
459.593	64.34	
459.801	42.22	
460.009	-9.8	
460.217	16.01	
460.425	17.65	
460.633	18.88	
460.841	9.86	
461.049	45.5	
461.257	-13.48	
461.465	17.65	
461.673	9.86	
461.88	23.38	
462.088	12.32	
462.296	11.5	
462.504	0.85	
462.712	-28.64	
462.92	40.99	
463.127	-15.53	
463.335	13.14	
463.543	19.29	
463.751	26.25	
463.959	30.75	
464.166	27.48	
464.374	19.69	
464.582	14.37	
464.79	12.32	
464.997	44.27	
465.205	52.87	
465.413	3.31	
465.62	27.48	
465.828	35.67	
466.036	42.63	
466.243	-22.08	
466.451	11.09	
466.658	20.1	
466.866	1.67	
467.074	56.97	
467.281	-9.8	
467.489	18.06	
467.696	8.64	
467.904	30.34	
468.111	30.75	
468.319	36.9	
468.527	43.86	
468.734	20.1	
468.942	28.71	
469.149	57.79	
469.356	-9.39	
469.564	54.51	
469.771	17.24	
469.979	40.17	
470.186	66.39	
470.394	51.64	
470.601	45.91	
470.808	43.86	
471.016	4.54	
471.223	73.76	
471.43	53.28	
471.638	57.79	
471.845	45.91	
472.052	51.23	
472.26	5.36	
472.467	18.88	
472.674	88.51	
472.882	1.26	
473.089	55.74	
473.296	16.42	
473.503	57.38	
473.711	61.88	
473.918	47.55	
474.125	53.28	
474.332	38.54	
474.539	86.46	
474.746	74.17	
474.954	94.65	
475.161	17.65	
475.368	20.1	
475.575	47.55	
475.782	82.77	
475.989	34.85	
476.196	-4.88	
476.403	43.86	
476.61	58.2	
476.817	44.68	
477.024	52.05	
477.231	48.37	
477.438	63.93	
477.645	77.86	
477.852	52.46	
478.059	56.56	
478.266	79.5	
478.473	38.54	
478.68	88.51	
478.887	107.76	
479.094	51.23	
479.301	84.41	
479.508	63.11	
479.715	86.05	
479.922	61.88	
480.129	70.89	
480.335	62.29	
480.542	84.41	
480.749	59.83	
480.956	72.12	
481.163	101.2	
481.369	86.05	
481.576	84.82	
481.783	95.47	
481.99	27.07	
482.196	37.72	
482.403	52.05	
482.61	17.65	
482.817	89.74	
483.023	78.27	
483.23	108.58	
483.437	99.16	
483.643	103.25	
483.85	59.43	
484.057	131.1	
484.263	99.98	
484.47	137.66	
484.676	86.87	
484.883	70.89	
485.09	74.99	
485.296	59.02	
485.503	84	
485.709	52.87	
485.916	95.06	
486.122	70.89	
486.329	141.75	
486.535	84.82	
486.742	118	
486.948	95.06	
487.155	107.35	
487.361	109.81	
487.567	121.27	
487.774	113.9	
487.98	151.17	
488.187	122.5	
488.393	111.44	
488.599	140.93	
488.806	112.26	
489.012	157.32	
489.219	93.42	
489.425	161	
489.631	111.44	
489.837	123.32	
490.044	127.01	
490.25	170.83	
490.456	136.84	
490.663	149.13	
490.869	176.98	
491.075	127.83	
491.281	108.17	
491.487	179.44	
491.694	121.68	
491.9	170.43	
492.106	129.06	
492.312	122.91	
492.518	149.95	
492.724	192.95	
492.931	144.21	
493.137	147.08	
493.343	113.08	
493.549	149.54	
493.755	206.06	
493.961	145.03	
494.167	172.88	
494.373	192.13	
494.579	190.09	
494.785	176.98	
494.991	170.83	
495.197	167.97	
495.403	175.34	
495.609	206.88	
495.815	159.37	
496.021	192.95	
496.227	204.42	
496.433	220.4	
496.639	236.37	
496.845	204.42	
497.05	205.65	
497.256	166.33	
497.462	210.57	
497.668	185.99	
497.874	226.95	
498.08	164.69	
498.286	205.24	
498.491	238.42	
498.697	244.56	
498.903	243.74	
499.109	207.29	
499.314	225.31	
499.52	247.02	
499.726	240.06	
499.932	251.52	
500.137	240.88	
500.343	276.51	
500.549	244.56	
500.754	262.58	
500.96	268.32	
501.166	229.82	
501.371	269.55	
501.577	268.32	
501.782	238.83	
501.988	306	
502.194	253.98	
502.399	228.59	
502.605	287.57	
502.81	257.26	
503.016	281.83	
503.221	283.06	
503.427	272.82	
503.632	258.08	
503.838	319.93	
504.043	307.23	
504.249	301.09	
504.454	292.89	
504.66	286.75	
504.865	314.6	
505.071	330.99	
505.276	307.23	
505.481	325.66	
505.687	313.78	
505.892	298.63	
506.097	302.72	
506.303	342.45	
506.508	328.53	
506.713	326.89	
506.919	291.66	
507.124	326.07	
507.329	324.43	
507.535	349.83	
507.74	328.12	
507.945	326.48	
508.15	399.39	
508.356	301.09	
508.561	327.71	
508.766	312.96	
508.971	274.46	
509.176	331.81	
509.381	349.83	
509.587	378.09	
509.792	302.31	
509.997	351.47	
510.202	299.45	
510.407	369.9	
510.612	387.51	
510.817	304.77	
511.022	367.44	
511.227	345.32	
511.432	367.03	
511.637	347.37	
511.842	338.36	
512.047	335.9	
512.252	352.28	
512.457	334.26	
512.662	364.98	
512.867	377.27	
513.072	351.06	
513.277	370.31	
513.482	381.78	
513.687	349.83	
513.892	371.54	
514.097	337.95	
514.302	360.07	
514.507	362.52	
514.711	399.39	
514.916	368.26	
515.121	337.95	
515.326	342.45	
515.531	363.34	
515.735	380.96	
515.94	337.13	
516.145	369.08	
516.35	336.31	
516.554	344.09	
516.759	335.08	
516.964	315.01	
517.169	310.51	
517.373	343.27	
517.578	292.89	
517.783	353.51	
517.987	328.53	
518.192	299.45	
518.396	365.39	
518.601	346.14	
518.806	350.65	
519.01	327.71	
519.215	335.08	
519.419	307.64	
519.624	315.83	
519.829	351.88	
520.033	376.86	
520.238	338.36	
520.442	328.53	
520.647	344.09	
520.851	312.55	
521.055	328.53	
521.26	344.5	
521.464	334.67	
521.669	307.23	
521.873	339.18	
522.078	368.67	
522.282	314.19	
522.486	296.58	
522.691	330.58	
522.895	320.75	
523.099	262.58	
523.304	277.74	
523.508	307.64	
523.712	344.09	
523.917	287.57	
524.121	323.61	
524.325	317.47	
524.53	333.03	
524.734	293.71	
524.938	262.99	
525.142	319.52	
525.346	290.03	
525.551	259.72	
525.755	278.97	
525.959	319.93	
526.163	284.7	
526.367	308.87	
526.571	253.57	
526.776	286.34	
526.98	251.93	
527.184	238.42	
527.388	248.25	
527.592	290.03	
527.796	296.17	
528	275.69	
528.204	256.85	
528.408	291.26	
528.612	254.39	
528.816	233.09	
529.02	263.4	
529.224	214.25	
529.428	258.08	
529.632	204.42	
529.836	254.8	
530.04	256.85	
530.244	250.71	
530.448	265.45	
530.652	286.34	
530.855	243.74	
531.059	222.03	
531.263	229	
531.467	213.84	
531.671	213.43	
531.875	192.95	
532.078	231.86	
532.282	219.99	
532.486	214.66	
532.69	247.02	
532.893	238.01	
533.097	231.86	
533.301	217.94	
533.505	197.87	
533.708	222.03	
533.912	214.25	
534.116	204.42	
534.319	204.01	
534.523	190.09	
534.727	197.05	
534.93	240.06	
535.134	199.92	
535.338	222.44	
535.541	221.21	
535.745	208.52	
535.948	234.73	
536.152	213.43	
536.355	152.81	
536.559	255.21	
536.762	201.96	
536.966	200.33	
537.169	190.09	
537.373	166.33	
537.576	158.14	
537.78	173.7	
537.983	193.36	
538.187	186.4	
538.39	167.97	
538.593	193.77	
538.797	136.43	
539	226.54	
539.204	204.83	
539.407	136.43	
539.61	171.24	
539.814	235.55	
540.017	192.95	
540.22	184.35	
540.424	204.83	
540.627	135.61	
540.83	134.79	
541.033	185.58	
541.237	173.7	
541.44	150.36	
541.643	161.41	
541.846	149.13	
542.049	179.85	
542.253	135.2	
542.456	133.97	
542.659	163.05	
542.862	198.28	
543.065	213.02	
543.268	167.15	
543.471	126.19	
543.674	177.8	
543.878	146.67	
544.081	182.71	
544.284	156.91	
544.487	160.19	
544.69	145.44	
544.893	176.98	
545.096	138.89	
545.299	167.97	
545.502	140.52	
545.705	169.2	
545.908	118.82	
546.111	191.72	
546.314	145.85	
546.516	149.95	
546.719	124.96	
546.922	161	
547.125	101.2	
547.328	141.34	
547.531	186.4	
547.734	110.21	
547.936	144.62	
548.139	115.54	
548.342	173.29	
548.545	219.58	
548.748	150.76	
548.95	149.13	
549.153	130.28	
549.356	116.36	
549.559	173.7	
549.761	171.65	
549.964	139.71	
550.167	154.86	
550.369	133.15	
550.572	84.82	
550.775	142.16	
550.977	135.61	
551.18	150.76	
551.383	129.06	
551.585	157.32	
551.788	112.26	
551.99	181.89	
552.193	133.97	
552.396	128.65	
552.598	100.38	
552.801	149.54	
553.003	132.33	
553.206	151.58	
553.408	178.62	
553.611	93.42	
553.813	84	
554.015	83.59	
554.218	129.88	
554.42	81.95	
554.623	82.36	
554.825	137.25	
555.027	77.04	
555.23	163.46	
555.432	120.45	
555.635	124.55	
555.837	168.79	
556.039	145.03	
556.242	89.74	
556.444	99.98	
556.646	127.01	
556.848	127.01	
557.051	131.51	
557.253	72.53	
557.455	147.49	
557.657	130.69	
557.86	79.09	
558.062	113.08	
558.264	106.53	
558.466	120.45	
558.668	105.71	
558.87	158.96	
559.073	120.86	
559.275	123.73	
559.477	74.17	
559.679	93.01	
559.881	105.3	
560.083	131.92	
560.285	156.5	
560.487	111.44	
560.689	135.2	
560.891	111.03	
561.093	92.6	
561.295	103.66	
561.497	124.14	
561.699	115.54	
561.901	65.98	
562.103	120.05	
562.305	110.62	
562.507	115.13	
562.709	107.35	
562.911	154.45	
563.113	115.95	
563.314	103.25	
563.516	68.03	
563.718	88.51	
563.92	77.86	
564.122	94.65	
564.323	108.58	
564.525	93.42	
564.727	117.59	
564.929	87.28	
565.131	145.03	
565.332	123.32	
565.534	77.86	
565.736	125.37	
565.937	115.13	
566.139	107.35	
566.341	97.11	
566.542	113.08	
566.744	88.51	
566.946	115.95	
567.147	78.27	
567.349	115.95	
567.551	88.92	
567.752	58.2	
567.954	80.31	
568.155	100.79	
568.357	98.75	
568.558	93.42	
568.76	63.11	
568.961	90.55	
569.163	100.38	
569.364	79.9	
569.566	79.9	
569.767	95.88	
569.969	75.4	
570.17	111.44	
570.372	97.11	
570.573	67.21	
570.774	101.2	
570.976	88.1	
571.177	87.69	
571.378	84.82	
571.58	129.06	
571.781	121.68	
571.982	57.38	
572.184	97.52	
572.385	136.84	
572.586	86.05	
572.788	86.87	
572.989	88.51	
573.19	69.67	
573.391	54.92	
573.592	84	
573.794	70.48	
573.995	76.63	
574.196	104.48	
574.397	131.92	
574.598	132.74	
574.799	68.03	
575.001	107.35	
575.202	98.34	
575.403	75.4	
575.604	55.74	
575.805	54.1	
576.006	99.98	
576.207	67.21	
576.408	110.21	
576.609	75.81	
576.81	113.9	
577.011	61.06	
577.212	69.26	
577.413	59.43	
577.614	93.01	
577.815	102.02	
578.016	67.21	
578.217	110.62	
578.418	79.5	
578.619	93.42	
578.819	62.7	
579.02	86.87	
579.221	130.69	
579.422	82.36	
579.623	60.24	
579.824	43.86	
580.024	70.07	
580.225	92.19	
580.426	97.11	
580.627	55.33	
580.827	111.85	
581.028	123.32	
581.229	98.75	
581.43	92.19	
581.63	40.99	
581.831	85.64	
582.032	66.39	
582.232	80.72	
582.433	97.93	
582.634	97.52	
582.834	61.47	
583.035	96.29	
583.235	56.97	
583.436	129.06	
583.636	81.95	
583.837	106.53	
584.038	72.12	
584.238	138.48	
584.439	63.11	
584.639	116.36	
584.84	49.59	
585.04	34.85	
585.241	98.34	
585.441	130.28	
585.641	89.74	
585.842	80.31	
586.042	66.39	
586.243	92.19	
586.443	69.26	
586.643	46.73	
586.844	74.58	
587.044	60.24	
587.244	91.78	
587.445	11.09	
587.645	62.29	
587.845	57.38	
588.046	111.44	
588.246	63.52	
588.446	74.99	
588.646	87.28	
588.847	88.51	
589.047	74.58	
589.247	74.58	
589.447	90.55	
589.647	84	
589.847	72.94	
590.048	72.12	
590.248	40.99	
590.448	29.93	
590.648	116.77	
590.848	38.95	
591.048	113.9	
591.248	68.44	
591.448	76.22	
591.648	18.47	
591.848	52.05	
592.048	114.72	
592.248	92.6	
592.448	62.7	
592.648	68.85	
592.848	89.33	
593.048	94.65	
593.248	54.1	
593.448	96.29	
593.648	82.36	
593.848	59.43	
594.048	54.1	
594.248	31.98	
594.447	31.16	
594.647	124.96	
594.847	67.62	
595.047	52.46	
595.247	61.47	
595.447	50.41	
595.646	84.41	
595.846	82.77	
596.046	74.58	
596.246	61.47	
596.445	43.45	
596.645	70.89	
596.845	97.93	
597.044	101.2	
597.244	75.4	
597.444	96.29	
597.643	73.35	
597.843	65.98	
598.043	60.24	
598.242	85.23	
598.442	48.37	
598.641	16.01	
598.841	81.54	
599.041	67.62	
599.24	77.04	
599.44	96.29	
599.639	65.16	
599.839	103.66	
600.038	45.5	
600.238	67.21	
600.437	76.22	
600.637	40.99	
600.836	59.43	
601.035	41.4	
601.235	85.64	
601.434	79.9	
601.634	72.12	
601.833	17.24	
602.032	36.49	
602.232	88.51	
602.431	98.34	
602.63	96.7	
602.83	88.51	
603.029	92.19	
603.228	84.82	
603.427	60.65	
603.627	70.07	
603.826	37.72	
604.025	41.81	
604.224	47.55	
604.424	94.24	
604.623	69.67	
604.822	59.83	
605.021	84.41	
605.22	17.24	
605.419	69.67	
605.618	84.82	
605.818	85.64	
606.017	38.54	
606.216	61.88	
606.415	72.12	
606.614	86.05	
606.813	26.66	
607.012	82.77	
607.211	81.54	
607.41	32.39	
607.609	84.41	
607.808	99.98	
608.007	20.92	
608.206	95.88	
608.405	-3.24	
608.604	50.82	
608.802	60.65	
609.001	44.27	
609.2	40.58	
609.399	56.97	
609.598	26.66	
609.797	70.07	
609.996	54.51	
610.194	17.65	
610.393	64.34	
610.592	73.35	
610.791	79.9	
610.99	63.11	
611.188	27.07	
611.387	83.59	
611.586	70.48	
611.784	45.09	
611.983	35.67	
612.182	28.3	
612.38	39.36	
612.579	85.23	
612.778	78.68	
612.976	41.4	
613.175	100.38	
613.374	70.89	
613.572	42.22	
613.771	55.74	
613.969	22.56	
614.168	71.3	
614.366	103.25	
614.565	16.83	
614.763	77.86	
614.962	55.74	
615.16	72.12	
615.359	77.04	
615.557	81.54	
615.756	68.44	
615.954	27.07	
616.153	84.41	
616.351	39.36	
616.549	92.19	
616.748	59.83	
616.946	69.67	
617.144	36.08	
617.343	70.48	
617.541	76.63	
617.739	136.43	
617.938	41.4	
618.136	68.44	
618.334	34.44	
618.532	50.82	
618.731	79.5	
618.929	79.09	
619.127	63.93	
619.325	70.89	
619.523	53.69	
619.722	69.67	
619.92	83.18	
620.118	42.63	
620.316	29.52	
620.514	43.04	
620.712	40.58	
620.91	82.36	
621.108	108.99	
621.306	41.81	
621.505	28.71	
621.703	61.88	
621.901	29.52	
622.099	55.33	
622.297	53.69	
622.495	99.57	
622.693	9.45	
622.89	55.33	
623.088	6.59	
623.286	57.38	
623.484	64.75	
623.682	65.98	
623.88	36.49	
624.078	47.55	
624.276	80.31	
624.474	45.09	
624.671	50	
624.869	49.19	
625.067	25.43	
625.265	39.36	
625.463	19.69	
625.66	74.17	
625.858	44.68	
626.056	37.72	
626.254	29.12	
626.451	31.98	
626.649	56.97	
626.847	63.11	
627.044	66.39	
627.242	71.71	
627.44	55.33	
627.637	84.82	
627.835	68.03	
628.032	89.33	
628.23	98.75	
628.428	76.22	
628.625	47.55	
628.823	15.19	
629.02	35.67	
629.218	50.82	
629.415	64.75	
629.613	43.04	
629.81	74.17	
630.008	39.36	
630.205	77.04	
630.403	62.29	
630.6	5.77	
630.797	25.43	
630.995	0.44	
631.192	35.67	
631.39	25.84	
631.587	52.87	
631.784	54.92	
631.982	98.75	
632.179	24.61	
632.376	72.53	
632.574	52.87	
632.771	64.34	
632.968	81.54	
633.165	56.15	
633.363	62.7	
633.56	63.93	
633.757	10.68	
633.954	54.1	
634.151	37.31	
634.349	69.67	
634.546	31.57	
634.743	38.95	
634.94	59.02	
635.137	69.67	
635.334	17.24	
635.531	39.76	
635.728	45.09	
635.925	85.64	
636.122	40.58	
636.319	61.88	
636.516	49.19	
636.713	57.38	
636.91	97.52	
637.107	57.38	
637.304	63.52	
637.501	38.13	
637.698	43.45	
637.895	56.97	
638.092	54.51	
638.289	59.43	
638.486	59.43	
638.683	99.16	
638.88	68.85	
639.076	86.87	
639.273	47.55	
639.47	56.56	
639.667	43.45	
639.864	104.48	
640.06	70.89	
640.257	46.32	
640.454	6.18	
640.651	49.59	
640.847	54.92	
641.044	-21.67	
641.241	30.34	
641.437	26.66	
641.634	63.11	
641.831	23.79	
642.027	45.5	
642.224	12.73	
642.421	74.99	
642.617	65.16	
642.814	53.69	
643.01	13.55	
643.207	50.82	
643.403	35.67	
643.6	30.34	
643.796	61.88	
643.993	35.26	
644.189	52.87	
644.386	13.55	
644.582	15.6	
644.779	69.67	
644.975	4.95	
645.172	28.3	
645.368	44.27	
645.564	1.67	
645.761	34.85	
645.957	77.04	
646.153	15.19	
646.35	54.92	
646.546	68.85	
646.742	-1.6	
646.939	23.79	
647.135	1.67	
647.331	51.23	
647.527	21.74	
647.724	96.29	
647.92	48.78	
648.116	39.36	
648.312	5.36	
648.509	67.21	
648.705	8.23	
648.901	13.14	
649.097	15.19	
649.293	7	
649.489	40.17	
649.685	16.01	
649.881	29.12	
650.077	24.2	
650.274	45.09	
650.47	36.08	
650.666	60.24	
650.862	14.78	
651.058	47.96	
651.254	-11.02	
651.45	-1.6	
651.645	42.22	
651.841	22.56	
652.037	21.33	
652.233	91.37	
652.429	50.41	
652.625	26.25	
652.821	49.59	
653.017	33.62	
653.213	23.38	
653.408	101.2	
653.604	47.96	
653.8	71.71	
653.996	17.24	
654.192	35.67	
654.387	38.54	
654.583	35.67	
654.779	40.58	
654.975	14.37	
655.17	20.51	
655.366	31.16	
655.562	-10.21	
655.757	47.96	
655.953	46.32	
656.149	23.38	
656.344	53.28	
656.54	48.78	
656.735	45.09	
656.931	41.81	
657.127	44.68	
657.322	45.91	
657.518	17.65	
657.713	47.14	
657.909	25.43	
658.104	11.5	
658.3	43.45	
658.495	17.24	
658.691	26.66	
658.886	16.83	
659.082	30.75	
659.277	45.09	
659.472	79.9	
659.668	31.98	
659.863	80.72	
660.059	10.68	
660.254	2.9	
660.449	25.84	
660.644	29.52	
660.84	29.93	
661.035	54.51	
661.23	-2.83	
661.426	53.28	
661.621	31.57	
661.816	19.69	
662.011	21.33	
662.207	-16.76	
662.402	25.43	
662.597	13.14	
662.792	16.01	
662.987	28.71	
663.182	21.74	
663.377	47.96	
663.573	13.55	
663.768	52.87	
663.963	40.58	
664.158	38.95	
664.353	7.41	
664.548	6.18	
664.743	70.89	
664.938	82.36	
665.133	56.97	
665.328	35.26	
665.523	45.5	
665.718	-32.32	
665.913	33.62	
666.108	35.26	
666.303	11.91	
666.498	53.28	
666.692	-27.41	
666.887	15.19	
667.082	-2.01	
667.277	50	
667.472	34.44	
667.667	83.59	
667.861	22.56	
668.056	50.82	
668.251	-11.02	
668.446	65.16	
668.64	-9.8	
668.835	58.61	
669.03	26.25	
669.225	7.41	
669.419	34.44	
669.614	60.24	
669.809	55.74	
670.003	22.15	
670.198	12.32	
670.393	46.73	
670.587	21.33	
670.782	32.39	
670.976	25.02	
671.171	66.39	
671.365	13.96	
671.56	29.52	
671.754	47.14	
671.949	54.51	
672.143	7.82	
672.338	36.08	
672.532	7.82	
672.727	44.68	
672.921	65.16	
673.116	13.55	
673.31	29.52	
673.504	-0.38	
673.699	71.71	
673.893	38.95	
674.088	48.37	
674.282	8.23	
674.476	-26.18	
674.67	101.2	
674.865	8.23	
675.059	28.71	
675.253	53.28	
675.448	23.38	
675.642	26.66	
675.836	46.32	
676.03	12.32	
676.224	-14.71	
676.419	56.97	
676.613	28.3	
676.807	50	
677.001	9.05	
677.195	63.93	
677.389	73.76	
677.583	23.38	
677.777	50	
677.972	44.27	
678.166	55.33	
678.36	19.29	
678.554	30.75	
678.748	59.02	
678.942	34.85	
679.136	39.36	
679.33	24.2	
679.524	13.14	
679.717	33.62	
679.911	8.23	
680.105	20.1	
680.299	45.91	
680.493	70.07	
680.687	18.47	
680.881	12.73	
681.075	9.45	
681.268	69.26	
681.462	0.85	
681.656	3.31	
681.85	21.74	
682.044	21.33	
682.237	67.62	
682.431	91.37	
682.625	38.54	
682.819	10.68	
683.012	8.64	
683.206	52.05	
683.4	53.28	
683.593	45.5	
683.787	80.72	
683.981	35.67	
684.174	-3.24	
684.368	69.67	
684.561	-18.4	
684.755	44.27	
684.948	68.03	
685.142	10.68	
685.335	9.45	
685.529	20.51	
685.722	18.88	
685.916	-6.52	
686.109	-10.62	
686.303	34.03	
686.496	13.96	
686.69	102.02	
686.883	31.98	
687.077	-5.29	
687.27	-2.83	
687.463	-6.93	
687.657	-31.09	
687.85	23.79	
688.043	44.68	
688.237	3.72	
688.43	25.43	
688.623	10.27	
688.816	45.5	
689.01	71.71	
689.203	35.26	
689.396	31.16	
689.589	21.74	
689.783	-5.7	
689.976	30.34	
690.169	102.02	
690.362	-11.43	
690.555	-18.4	
690.748	38.54	
690.941	47.14	
691.135	-3.24	
691.328	25.43	
691.521	61.47	
691.714	-4.47	
691.907	8.64	
692.1	13.55	
692.293	53.69	
692.486	-38.47	
692.679	12.32	
692.872	51.23	
693.065	10.27	
693.258	34.85	
693.451	11.5	
693.644	-1.6	
693.836	29.93	
694.029	29.93	
694.222	13.14	
694.415	73.76	
694.608	36.9	
694.801	35.67	
694.993	0.85	
695.186	42.63	
695.379	78.68	
695.572	-2.42	
695.765	35.26	
695.957	-15.53	
696.15	-3.65	
696.343	28.3	
696.535	4.54	
696.728	16.42	
696.921	22.56	
697.113	52.87	
697.306	9.86	
697.499	26.66	
697.691	22.56	
697.884	45.5	
698.076	61.88	
698.269	-2.01	
698.462	50	
698.654	21.74	
698.847	35.67	
699.039	56.56	
699.232	16.83	
699.424	11.91	
699.617	-0.38	
699.809	2.08	
700.001	-16.76	
700.194	42.22	
700.386	3.31	
700.579	57.79	
700.771	9.05	
700.963	11.09	
701.156	-1.6	
701.348	-7.34	
701.54	-9.39	
701.733	3.31	
701.925	-31.91	
702.117	54.92	
702.309	-12.25	
702.502	26.66	
702.694	56.97	
702.886	49.59	
703.078	21.74	
703.271	11.5	
703.463	16.01	
703.655	36.9	
703.847	21.74	
704.039	25.43	
704.231	54.1	
704.423	52.05	
704.615	-9.39	
704.808	16.01	
705	-13.48	
705.192	36.9	
705.384	-2.01	
705.576	-0.38	
705.768	16.01	
705.96	21.74	
706.152	9.86	
706.344	30.75	
706.536	-19.63	
706.727	-8.98	
706.919	2.9	
707.111	4.95	
707.303	22.56	
707.495	2.49	
707.687	4.54	
707.879	29.93	
708.071	26.25	
708.262	-2.83	
708.454	6.18	
708.646	14.37	
708.838	60.65	
709.029	50	
709.221	10.27	
709.413	0.85	
709.605	36.49	
709.796	20.51	
709.988	0.85	
710.18	2.49	
710.371	11.5	
710.563	18.47	
710.755	-14.71	
710.946	47.14	
711.138	36.9	
711.329	17.65	
711.521	11.09	
711.712	-12.25	
711.904	0.03	
712.095	-25.36	
712.287	-36.01	
712.478	39.76	
712.67	12.73	
712.861	17.24	
713.053	51.64	
713.244	65.57	
713.436	31.98	
713.627	24.2	
713.818	-8.98	
714.01	41.81	
714.201	4.54	
714.393	20.92	
714.584	-5.7	
714.775	-32.32	
714.966	30.75	
715.158	39.36	
715.349	16.83	
715.54	25.02	
715.732	2.08	
715.923	-6.11	
716.114	25.02	
716.305	40.17	
716.496	0.03	
716.688	23.38	
716.879	-3.24	
717.07	75.81	
717.261	37.31	
717.452	6.18	
717.643	-8.98	
717.834	20.51	
718.025	-0.79	
718.216	-14.3	
718.407	37.31	
718.598	36.49	
718.789	43.04	
718.98	-3.65	
719.171	11.09	
719.362	30.34	
719.553	74.17	
719.744	29.12	
719.935	-32.32	
720.126	45.09	
720.317	9.86	
720.508	-4.47	
720.699	5.36	
720.889	4.54	
721.08	-8.98	
721.271	-4.47	
721.462	13.55	
721.653	45.91	
721.843	6.18	
722.034	11.91	
722.225	21.33	
722.416	-58.95	
722.606	16.83	
722.797	48.37	
722.988	47.55	
723.178	-36.83	
723.369	36.9	
723.56	-6.93	
723.75	11.5	
723.941	-6.11	
724.132	20.51	
724.322	34.44	
724.513	-9.39	
724.703	69.26	
724.894	2.49	
725.084	45.09	
725.275	4.13	
725.465	31.57	
725.656	52.05	
725.846	2.49	
726.037	13.55	
726.227	10.68	
726.417	38.95	
726.608	4.13	
726.798	-7.34	
726.989	-6.11	
727.179	60.65	
727.369	20.51	
727.56	37.31	
727.75	65.57	
727.94	14.78	
728.131	23.38	
728.321	42.22	
728.511	-6.52	
728.701	-24.13	
728.892	7	
729.082	13.14	
729.272	-24.54	
729.462	22.56	
729.652	11.91	
729.842	8.64	
730.033	-9.8	
730.223	-3.65	
730.413	24.2	
730.603	1.26	
730.793	9.05	
730.983	22.15	
731.173	14.78	
731.363	52.05	
731.553	40.17	
731.743	27.07	
731.933	-7.34	
732.123	50.41	
732.313	4.95	
732.503	-1.6	
732.693	29.12	
732.883	50.41	
733.073	18.06	
733.263	6.18	
733.452	8.64	
733.642	4.13	
733.832	-33.55	
734.022	22.15	
734.212	-3.65	
734.402	16.01	
734.591	15.6	
734.781	14.37	
734.971	7.82	
735.161	0.85	
735.35	18.06	
735.54	30.75	
735.73	-4.47	
735.919	-0.38	
736.109	-24.54	
736.299	19.29	
736.488	48.37	
736.678	-9.39	
736.867	-24.95	
737.057	25.84	
737.247	-6.11	
737.436	-20.04	
737.626	28.3	
737.815	13.14	
738.005	9.86	
738.194	12.73	
738.384	-14.71	
738.573	-9.8	
738.763	25.02	
738.952	-42.97	
739.141	12.73	
739.331	-4.06	
739.52	23.38	
739.71	13.55	
739.899	17.24	
740.088	35.67	
740.278	38.95	
740.467	10.27	
740.656	58.61	
740.846	-18.4	
741.035	18.06	
741.224	-0.79	
741.413	-16.35	
741.603	-3.24	
741.792	-11.84	
741.981	-56.9	
742.17	-4.88	
742.359	-5.29	
742.548	-26.59	
742.738	-2.83	
742.927	-6.93	
743.116	-7.75	
743.305	22.97	
743.494	30.34	
743.683	10.27	
743.872	9.86	
744.061	-30.28	
744.25	7	
744.439	25.02	
744.628	7	
744.817	-1.6	
745.006	9.05	
745.195	-3.24	
745.384	9.05	
745.573	-20.04	
745.762	7.41	
745.951	7	
746.139	2.49	
746.328	-34.37	
746.517	4.95	
746.706	10.27	
746.895	-28.64	
747.084	-17.99	
747.272	2.9	
747.461	22.56	
747.65	-15.12	
747.839	14.37	
748.027	-8.98	
748.216	43.04	
748.405	31.98	
748.593	-2.42	
748.782	5.77	
748.971	40.17	
749.159	41.4	
749.348	13.55	
749.536	-2.42	
749.725	6.59	
749.914	-26.18	
750.102	-40.52	
750.291	10.68	
750.479	45.5	
750.668	67.62	
750.856	33.21	
751.045	43.86	
751.233	43.86	
751.421	33.62	
751.61	8.23	
751.798	44.68	
751.987	63.52	
752.175	16.42	
752.363	-6.52	
752.552	6.59	
752.74	12.32	
752.928	20.1	
753.117	14.78	
753.305	-13.48	
753.493	-16.76	
753.682	-6.93	
753.87	-57.31	
754.058	49.19	
754.246	-0.38	
754.434	-2.01	
754.623	-1.6	
754.811	-8.57	
754.999	11.09	
755.187	18.88	
755.375	21.74	
755.563	14.37	
755.751	-18.4	
755.94	-21.67	
756.128	4.13	
756.316	-23.31	
756.504	11.91	
756.692	9.05	
756.88	3.72	
757.068	26.66	
757.256	31.57	
757.444	36.9	
757.632	-11.02	
757.819	-15.94	
758.007	13.14	
758.195	-27.41	
758.383	-0.38	
758.571	-51.98	
758.759	2.49	
758.947	22.97	
759.135	12.73	
759.322	1.67	
759.51	-8.57	
759.698	-37.65	
759.886	-11.02	
760.073	-24.54	
760.261	11.5	
760.449	8.64	
760.637	-24.13	
760.824	17.24	
761.012	20.51	
761.2	-7.75	
761.387	-18.81	
761.575	36.49	
761.762	11.5	
761.95	7	
762.138	18.88	
762.325	-17.99	
762.513	23.38	
762.7	-5.29	
762.888	34.85	
763.075	-4.06	
763.263	63.93	
763.45	11.5	
763.638	-10.21	
763.825	39.36	
764.012	40.17	
764.2	-0.79	
764.387	3.31	
764.575	-21.26	
764.762	-36.83	
764.949	-22.49	
765.137	18.06	
765.324	57.38	
765.511	38.54	
765.699	-33.14	
765.886	27.07	
766.073	12.32	
766.26	12.73	
766.448	62.29	
766.635	-27.82	
766.822	22.15	
767.009	15.19	
767.196	1.67	
767.383	-6.11	
767.571	35.26	
767.758	-1.19	
767.945	31.98	
768.132	3.72	
768.319	4.95	
768.506	-11.43	
768.693	-15.94	
768.88	-17.17	
769.067	18.88	
769.254	22.97	
769.441	23.38	
769.628	16.42	
769.815	-28.64	
770.002	27.89	
770.189	-1.6	
770.376	-24.13	
770.563	-12.66	
770.75	-2.83	
770.936	27.07	
771.123	5.36	
771.31	-1.6	
771.497	34.44	
771.684	11.5	
771.87	43.86	
772.057	-6.52	
772.244	19.69	
772.431	27.07	
772.617	25.84	
772.804	-23.31	
772.991	17.24	
773.177	2.49	
773.364	21.33	
773.551	-14.3	
773.737	7.82	
773.924	-21.26	
774.111	40.58	
774.297	-2.42	
774.484	7	
774.67	-31.5	
774.857	0.44	
775.043	-26.59	
775.23	-2.01	
775.416	22.97	
775.603	16.83	
775.789	16.01	
775.976	19.69	
776.162	-42.15	
776.349	-14.71	
776.535	9.86	
776.721	-16.35	
776.908	23.79	
777.094	15.19	
777.28	-3.65	
777.467	27.07	
777.653	-34.37	
777.839	10.68	
778.025	-8.98	
778.212	-50.76	
778.398	-4.06	
778.584	21.74	
778.77	2.08	
778.957	11.91	
779.143	15.6	
779.329	-14.3	
779.515	-4.47	
779.701	-11.02	
779.887	-27.41	
780.073	21.33	
780.26	16.42	
780.446	25.84	
780.632	32.39	
780.818	-5.29	
781.004	-18.81	
781.19	-27.82	
781.376	-42.15	
781.562	-25.77	
781.748	2.49	
781.934	27.07	
782.12	-6.93	
782.305	37.31	
782.491	46.32	
782.677	4.13	
782.863	31.57	
783.049	-34.78	
783.235	-15.94	
783.421	-12.66	
783.606	-24.13	
783.792	-24.95	
783.978	20.1	
784.164	36.08	
784.349	-33.96	
784.535	-13.48	
784.721	25.84	
784.907	-26.59	
785.092	21.33	
785.278	15.19	
785.464	-13.07	
785.649	8.23	
785.835	-30.28	
786.02	-40.52	
786.206	-42.15	
786.392	-11.84	
786.577	49.59	
786.763	-8.98	
786.948	55.33	
787.134	23.38	
787.319	-1.6	
787.505	-39.7	
787.69	-15.53	
787.876	43.04	
788.061	-27	
788.246	-27	
788.432	-15.94	
788.617	-33.14	
788.803	16.83	
788.988	-11.84	
789.173	-4.06	
789.359	-19.22	
789.544	-2.42	
789.729	-17.99	
789.915	-29.46	
790.1	-9.8	
790.285	3.72	
790.47	4.13	
790.655	18.06	
790.841	22.56	
791.026	-10.21	
791.211	29.12	
791.396	-20.45	
791.581	36.49	
791.766	-17.99	
791.952	-4.88	
792.137	3.72	
792.322	-39.7	
792.507	19.29	
792.692	-6.93	
792.877	19.69	
793.062	0.44	
793.247	1.67	
793.432	-26.59	
793.617	5.77	
793.802	-17.58	
793.987	-35.19	
794.172	7.82	
794.356	4.54	
794.541	24.2	
794.726	10.68	
794.911	10.27	
795.096	9.86	
795.281	-4.06	
795.466	-14.71	
795.65	5.77	
795.835	-66.32	
796.02	31.16	
796.205	24.61	
796.389	15.6	
796.574	-13.07	
796.759	-4.06	
796.943	-27.82	
797.128	0.03	
797.313	15.19	
797.497	33.62	
797.682	-51.98	
797.867	30.34	
798.051	18.47	
798.236	-5.29	
798.42	-10.62	
798.605	-8.57	
798.789	-11.84	
798.974	4.13	
799.158	-12.25	
799.343	20.92	
799.527	1.26	
799.712	8.64	
799.896	-20.04	
800.081	-4.06	
800.265	-9.39	
800.449	-0.38	
800.634	-43.79	
800.818	18.88	
801.002	37.72	
801.187	-22.49	
801.371	51.64	
801.555	-23.31	
801.74	-14.71	
801.924	-8.57	
802.108	0.03	
802.292	-1.6	
802.477	25.02	
802.661	59.83	
802.845	38.54	
803.029	-2.83	
803.213	42.22	
803.397	-12.66	
803.581	38.95	
803.766	9.05	
803.95	11.5	
804.134	29.93	
804.318	-31.09	
804.502	-22.49	
804.686	3.31	
804.87	16.01	
805.054	18.47	
805.238	16.01	
805.422	40.17	
805.606	25.84	
805.79	16.01	
805.973	14.78	
806.157	16.83	
806.341	-12.25	
806.525	4.54	
806.709	37.31	
806.893	22.15	
807.077	26.25	
807.26	2.08	
807.444	13.96	
807.628	18.88	
807.812	-17.17	
807.995	7	
808.179	-20.86	
808.363	-20.45	
808.546	-43.79	
808.73	-8.57	
808.914	-34.37	
809.097	-36.83	
809.281	23.79	
809.465	-39.29	
809.648	18.47	
809.832	7	
810.015	-20.04	
810.199	-48.71	
810.382	18.47	
810.566	45.09	
810.749	-20.86	
810.933	36.49	
811.116	38.95	
811.3	-47.07	
811.483	-5.29	
811.667	-18.4	
811.85	-45.02	
812.034	-15.94	
812.217	56.56	
812.4	-46.66	
812.584	-6.52	
812.767	-30.28	
812.95	1.26	
813.133	-33.55	
813.317	-7.34	
813.5	15.6	
813.683	-23.31	
813.866	35.67	
814.05	23.38	
814.233	-6.93	
814.416	40.58	
814.599	29.52	
814.782	-0.79	
814.965	-21.26	
815.149	-4.06	
815.332	-26.59	
815.515	-21.67	
815.698	-43.79	
815.881	12.73	
816.064	-1.19	
816.247	4.54	
816.43	-12.25	
816.613	-26.59	
816.796	21.74	
816.979	14.37	
817.162	5.77	
817.345	25.02	
817.528	13.14	
817.711	23.79	
817.893	-1.19	
818.076	-18.81	
818.259	-3.24	
818.442	-22.49	
818.625	53.28	
818.808	-1.6	
818.99	-4.88	
819.173	-2.42	
819.356	18.06	
819.539	-38.47	
819.721	9.05	
819.904	-2.01	
820.087	13.96	
820.269	1.67	
820.452	10.68	
820.635	23.38	
820.817	-6.93	
821	-40.11	
821.182	19.69	
821.365	-13.48	
821.548	-1.6	
821.73	-15.94	
821.913	9.45	
822.095	-19.22	
822.278	-27.41	
822.46	7	
822.642	-18.4	
822.825	-28.23	
823.007	8.23	
823.19	31.98	
823.372	13.55	
823.555	-11.43	
823.737	-32.73	
823.919	-22.49	
824.102	-55.67	
824.284	-40.11	
824.466	-41.74	
824.648	-45.02	
824.831	-37.24	
825.013	10.68	
825.195	-15.53	
825.377	-30.69	
825.56	-18.81	
825.742	36.9	
825.924	18.88	
826.106	-24.95	
826.288	-10.62	
826.47	34.03	
826.652	4.13	
826.835	2.49	
827.017	-42.56	
827.199	3.31	
827.381	38.95	
827.563	2.08	
827.745	-29.87	
827.927	-34.78	
828.109	-4.06	
828.291	-28.64	
828.473	-17.17	
828.655	4.13	
828.836	28.71	
829.018	-2.42	
829.2	21.33	
829.382	10.27	
829.564	3.31	
829.746	13.96	
829.928	-2.01	
830.109	10.27	
830.291	-1.6	
830.473	0.44	
830.655	-28.64	
830.836	10.68	
831.018	-40.52	
831.2	36.08	
831.382	24.61	
831.563	-22.08	
831.745	7.41	
831.926	17.24	
832.108	4.13	
832.29	-4.47	
832.471	9.45	
832.653	7.82	
832.834	11.09	
833.016	-14.3	
833.197	-23.31	
833.379	-9.8	
833.56	-0.79	
833.742	-33.14	
833.923	-63.45	
834.105	13.14	
834.286	-38.47	
834.468	-16.76	
834.649	9.45	
834.83	2.49	
835.012	-38.06	
835.193	-0.79	
835.374	-23.72	
835.556	17.24	
835.737	-9.8	
835.918	14.78	
836.1	2.08	
836.281	-24.13	
836.462	-4.47	
836.643	-38.47	
836.824	31.57	
837.006	-24.54	
837.187	-19.22	
837.368	-2.83	
837.549	-10.62	
837.73	-10.62	
837.911	34.03	
838.092	12.32	
838.273	40.17	
838.455	28.71	
838.636	28.3	
838.817	6.18	
838.998	1.67	
839.179	11.91	
839.36	33.62	
839.54	-12.66	
839.721	-24.95	
839.902	-45.02	
840.083	6.59	
840.264	45.09	
840.445	22.15	
840.626	7	
840.807	-15.12	
840.988	-56.49	
841.168	6.59	
841.349	-4.88	
841.53	29.52	
841.711	-32.73	
841.891	17.24	
842.072	22.56	
842.253	-21.67	
842.434	-20.04	
842.614	27.07	
842.795	2.9	
842.976	-8.57	
843.156	0.03	
843.337	17.24	
843.517	-22.9	
843.698	10.27	
843.878	22.97	
844.059	-17.58	
844.24	-34.37	
844.42	-2.83	
844.601	24.61	
844.781	12.32	
844.962	-2.01	
845.142	-29.46	
845.322	-21.26	
845.503	4.13	
845.683	38.54	
845.864	7.82	
846.044	37.72	
846.224	-37.65	
846.405	61.88	
846.585	-6.52	
846.765	15.19	
846.946	9.05	
847.126	9.05	
847.306	-16.35	
847.486	9.45	
847.667	-33.14	
847.847	-3.24	
848.027	-11.84	
848.207	-22.49	
848.387	4.13	
848.567	-14.3	
848.747	5.77	
848.928	-32.73	
849.108	-64.68	
849.288	10.27	
849.468	-4.06	
849.648	4.13	
849.828	-11.02	
850.008	15.6	
850.188	67.21	
850.368	3.31	
850.548	5.36	
850.728	1.26	
850.908	-11.02	
851.088	-4.47	
851.267	-23.72	
851.447	-15.12	
851.627	-13.07	
851.807	47.14	
851.987	27.89	
852.167	-7.34	
852.346	-15.94	
852.526	-4.88	
852.706	-13.89	
852.886	34.44	
853.065	-13.89	
853.245	-47.07	
853.425	-13.48	
853.605	18.47	
853.784	-7.75	
853.964	-27.41	
854.143	-20.86	
854.323	36.9	
854.503	-8.57	
854.682	-23.72	
854.862	22.15	
855.041	-18.81	
855.221	0.03	
855.4	-5.29	
855.58	-4.06	
855.759	-0.38	
855.939	-19.63	
856.118	-22.08	
856.298	-71.24	
856.477	12.73	
856.657	-6.52	
856.836	-29.87	
857.015	25.84	
857.195	17.65	
857.374	19.29	
857.553	43.86	
857.733	-23.72	
857.912	-32.32	
858.091	-13.89	
858.27	0.03	
858.45	16.42	
858.629	-20.86	
858.808	0.03	
858.987	-27.82	
859.166	-13.07	
859.345	-53.62	
859.525	16.01	
859.704	-6.52	
859.883	-14.71	
860.062	-19.63	
860.241	-6.93	
860.42	-5.7	
860.599	29.93	
860.778	31.16	
860.957	-31.5	
861.136	-8.16	
861.315	38.13	
861.494	26.66	
861.673	23.38	
861.852	-22.49	
862.031	26.25	
862.21	-50.35	
862.388	32.39	
862.567	-31.91	
862.746	7.82	
862.925	25.43	
863.104	-29.05	
863.283	9.05	
863.461	7.41	
863.64	-14.71	
863.819	0.85	
863.997	4.95	
864.176	-6.11	
864.355	10.68	
864.534	-2.42	
864.712	13.55	
864.891	10.27	
865.069	-27.41	
865.248	-15.94	
865.427	9.86	
865.605	24.2	
865.784	1.67	
865.962	14.78	
866.141	24.2	
866.319	-4.47	
866.498	-30.69	
866.676	11.91	
866.855	0.85	
867.033	-5.29	
867.212	-13.07	
867.39	-37.24	
867.568	-28.64	
867.747	40.99	
867.925	-24.54	
868.103	15.19	
868.282	-13.48	
868.46	-37.65	
868.638	-21.26	
868.817	30.75	
868.995	-36.83	
869.173	18.06	
869.351	-20.04	
869.529	-6.93	
869.708	6.18	
869.886	-7.34	
870.064	23.38	
870.242	19.69	
870.42	31.16	
870.598	-40.93	
870.776	-15.53	
870.954	40.58	
871.133	-6.52	
871.311	-8.98	
871.489	-4.47	
871.667	-36.42	
871.845	-6.93	
872.023	9.45	
872.2	28.3	
872.378	-8.98	
872.556	-16.35	
872.734	40.17	
872.912	-15.12	
873.09	-29.46	
873.268	-4.06	
873.446	-40.93	
873.623	-24.95	
873.801	11.91	
873.979	-33.96	
874.157	-3.65	
874.335	-2.01	
874.512	26.66	
874.69	10.68	
874.868	-26.59	
875.045	0.44	
875.223	29.93	
875.401	1.26	
875.578	-4.47	
875.756	36.9	
875.934	24.61	
876.111	-28.23	
876.289	-15.94	
876.466	25.84	
876.644	-40.52	
876.821	-3.24	
876.999	25.84	
877.176	-20.45	
877.354	-50.35	
877.531	6.18	
877.709	-14.71	
877.886	-22.08	
878.063	26.66	
878.241	-40.11	
878.418	-33.96	
878.596	10.27	
878.773	48.37	
878.95	-41.33	
879.127	28.71	
879.305	-27	
879.482	-16.76	
879.659	5.77	
879.836	-29.46	
880.014	-23.72	
880.191	-8.16	
880.368	5.36	
880.545	-11.02	
880.722	3.31	
880.9	-16.76	
881.077	33.21	
881.254	-3.24	
881.431	29.52	
881.608	1.67	
881.785	-8.16	
881.962	-26.18	
882.139	4.54	
882.316	29.12	
882.493	0.44	
882.67	-8.16	
882.847	43.45	
883.024	-13.48	
883.201	-38.47	
883.378	-10.21	
883.554	31.57	
883.731	-31.09	
883.908	-23.31	
884.085	21.74	
884.262	-27.82	
884.439	-22.9	
884.615	9.45	
884.792	11.91	
884.969	-12.66	
885.146	44.68	
885.322	4.13	
885.499	2.9	
885.676	22.97	
885.852	2.08	
886.029	-43.79	
886.205	30.75	
886.382	-8.57	
886.559	24.61	
886.735	-6.93	
886.912	46.73	
887.088	14.37	
887.265	-29.05	
887.441	-54.03	
887.618	6.59	
887.794	49.59	
887.971	5.77	
888.147	6.18	
888.324	3.72	
888.5	-2.42	
888.676	6.59	
888.853	-1.19	
889.029	0.44	
889.205	-16.76	
889.382	12.73	
889.558	16.42	
889.734	-1.19	
889.911	7.41	
890.087	-27.82	
890.263	-11.43	
890.439	-1.6	
890.616	11.91	
890.792	-36.83	
890.968	-48.71	
891.144	24.2	
891.32	-24.95	
891.496	-13.48	
891.672	-9.39	
891.848	-6.11	
892.025	26.66	
892.201	13.14	
892.377	-27.82	
892.553	-30.28	
892.729	-22.9	
892.905	34.44	
893.081	3.72	
893.256	-13.48	
893.432	-3.65	
893.608	39.76	
893.784	-23.31	
893.96	4.95	
894.136	0.44	
894.312	3.72	
894.488	23.79	
894.663	9.86	
894.839	2.49	
895.015	7	
895.191	29.12	
895.366	-12.66	
895.542	-20.04	
895.718	-31.5	
895.894	25.02	
896.069	10.27	
896.245	16.01	
896.421	-22.49	
896.596	61.88	
896.772	-24.95	
896.947	-15.53	
897.123	51.64	
897.298	-6.11	
897.474	20.1	
897.649	-17.17	
897.825	11.5	
898	0.44	
898.176	-31.09	
898.351	17.65	
898.527	-26.59	
898.702	-18.4	
898.878	43.04	
899.053	-2.42	
899.228	-1.19	
899.404	-10.62	
899.579	20.51	
899.754	-29.46	
899.93	-4.47	
900.105	-7.75	
900.28	-29.46	
900.455	-9.39	
900.631	-36.83	
900.806	-43.38	
900.981	10.68	
901.156	1.67	
901.331	-8.98	
901.507	5.77	
901.682	1.26	
901.857	40.58	
902.032	-6.11	
902.207	-7.34	
902.382	20.51	
902.557	18.88	
902.732	-24.54	
902.907	30.34	
903.082	-12.66	
903.257	11.09	
903.432	18.06	
903.607	20.1	
903.782	34.03	
903.957	-45.84	
904.132	-35.6	
904.306	14.37	
904.481	26.25	
904.656	-64.27	
904.831	8.23	
905.006	18.47	
905.181	0.03	
905.355	-22.08	
905.53	10.68	
905.705	0.03	
905.879	26.25	
906.054	2.49	
906.229	10.27	
906.404	35.67	
906.578	-15.53	
906.753	12.32	
906.927	-4.06	
907.102	1.67	
907.277	42.22	
907.451	-9.8	
907.626	-22.49	
907.8	39.76	
907.975	-54.44	
908.149	6.18	
908.324	16.01	
908.498	33.62	
908.673	2.9	
908.847	-27	
909.021	-8.57	
909.196	-11.02	
909.37	-17.99	
909.544	22.97	
909.719	-19.63	
909.893	17.24	
910.067	-11.84	
910.242	34.03	
910.416	6.59	
910.59	-6.52	
910.764	43.86	
910.939	-12.25	
911.113	-21.26	
911.287	9.86	
911.461	9.05	
911.635	-34.78	
911.809	-15.12	
911.984	-8.57	
912.158	-49.12	
912.332	26.66	
912.506	12.32	
912.68	19.69	
912.854	43.04	
913.028	14.78	
913.202	-35.6	
913.376	2.49	
913.55	-40.93	
913.724	9.86	
913.898	-8.98	
914.071	16.83	
914.245	31.98	
914.419	45.91	
914.593	6.18	
914.767	-13.07	
914.941	19.29	
915.115	31.16	
915.288	-20.45	
915.462	-2.01	
915.636	-30.69	
915.81	5.77	
915.983	20.92	
916.157	-7.34	
916.331	-18.4	
916.504	-41.33	
916.678	28.3	
916.852	-9.39	
917.025	-43.79	
917.199	6.18	
917.372	-0.79	
917.546	33.21	
917.719	23.79	
917.893	11.91	
918.066	-29.05	
918.24	-33.14	
918.413	-18.81	
918.587	19.29	
918.76	18.88	
918.934	-15.12	
919.107	25.02	
919.28	15.6	
919.454	10.27	
919.627	-8.16	
919.8	-27.41	
919.974	-2.42	
920.147	-55.67	
920.32	43.45	
920.494	-20.86	
920.667	0.03	
920.84	3.31	
921.013	-30.28	
921.186	-37.24	
921.36	-10.21	
921.533	12.73	
921.706	-45.02	
921.879	42.22	
922.052	-56.49	
922.225	-26.59	
922.398	39.76	
922.571	-8.57	
922.744	-15.94	
922.917	-29.05	
923.09	5.36	
923.263	-20.04	
923.436	1.67	
923.609	13.55	
923.782	26.66	
923.955	-8.98	
924.128	-92.53	
924.301	-20.86	
924.474	-28.64	
924.647	-6.11	
924.819	21.74	
924.992	28.71	
925.165	12.32	
925.338	-46.66	
925.511	-27.41	
925.683	-54.03	
925.856	-43.38	
926.029	-13.89	
926.201	-7.34	
926.374	25.43	
926.547	30.75	
926.719	-46.25	
926.892	17.65	
927.065	-36.42	
927.237	-13.07	
927.41	14.37	
927.582	-37.65	
927.755	-14.71	
927.927	-21.67	
928.1	-28.64	
928.272	-10.21	
928.445	4.95	
928.617	-27.41	
928.79	-29.87	
928.962	-28.64	
929.134	17.24	
929.307	11.5	
929.479	33.62	
929.651	-13.48	
929.824	32.8	
929.996	-33.55	
930.168	-25.77	
930.341	11.5	
930.513	-6.93	
930.685	24.61	
930.857	12.32	
931.029	0.03	
931.202	-35.6	
931.374	31.57	
931.546	-12.66	
931.718	19.69	
931.89	7.41	
932.062	-3.24	
932.234	-20.04	
932.406	15.6	
932.578	-8.98	
932.75	-20.86	
932.922	-11.84	
933.094	9.86	
933.266	-23.31	
933.438	-8.16	
933.61	-12.66	
933.782	13.14	
933.954	22.15	
934.126	1.26	
934.298	-30.28	
934.47	38.13	
934.641	7.82	
934.813	-31.5	
934.985	8.64	
935.157	10.27	
935.329	-23.31	
935.5	1.67	
935.672	-13.48	
935.844	20.51	
936.015	-23.31	
936.187	0.44	
936.359	-7.34	
936.53	16.42	
936.702	-49.94	
936.874	-15.12	
937.045	-11.84	
937.217	5.36	
937.388	27.89	
937.56	38.95	
937.731	-34.37	
937.903	20.51	
938.074	-11.43	
938.246	11.09	
938.417	-59.77	
938.588	-15.12	
938.76	0.85	
938.931	-33.96	
939.103	-19.22	
939.274	-32.73	
939.445	-11.02	
939.617	0.44	
939.788	26.25	
939.959	56.97	
940.13	-6.93	
940.302	3.31	
940.473	29.52	
940.644	7	
940.815	28.3	
940.987	-54.85	
941.158	-33.96	
941.329	36.9	
941.5	0.85	
941.671	-14.3	
941.842	74.17	
942.013	2.08	
942.184	-5.7	
942.355	-19.63	
942.526	2.08	
942.697	-29.05	
942.868	-2.42	
943.039	28.3	
943.21	23.79	
943.381	-5.7	
943.552	-15.53	
943.723	4.95	
943.894	-25.36	
944.065	-3.24	
944.235	-38.88	
944.406	-3.65	
944.577	40.58	
944.748	15.19	
944.919	-52.8	
945.089	0.85	
945.26	-35.19	
945.431	-55.67	
945.601	-1.6	
945.772	28.3	
945.943	22.97	
946.113	-24.13	
946.284	-19.63	
946.455	-19.63	
946.625	-33.55	
946.796	7.82	
946.966	0.03	
947.137	29.12	
947.307	-14.3	
947.478	2.49	
947.648	15.19	
947.819	8.64	
947.989	-11.02	
948.16	16.83	
948.33	-15.12	
948.5	21.74	
948.671	-42.56	
948.841	45.91	
949.012	3.72	
949.182	-0.38	
949.352	9.05	
949.522	-9.39	
949.693	-14.71	
949.863	8.64	
950.033	-8.16	
950.203	-18.81	
950.374	-22.9	
950.544	-13.07	
950.714	-6.93	
950.884	0.44	
951.054	18.47	
951.224	4.13	
951.394	-13.07	
951.564	30.34	
951.735	-21.67	
951.905	17.24	
952.075	-67.14	
952.245	-11.84	
952.415	-2.01	
952.585	23.38	
952.754	16.01	
952.924	9.86	
953.094	-34.78	
953.264	-11.84	
953.434	-4.88	
953.604	31.16	
953.774	15.6	
953.944	7.41	
954.113	52.05	
954.283	-36.42	
954.453	-3.24	
954.623	-7.34	
954.792	-11.43	
954.962	-10.62	
955.132	34.44	
955.302	-33.96	
955.471	-25.36	
955.641	-40.52	
955.81	-22.9	
955.98	-20.45	
956.15	22.97	
956.319	22.15	
956.489	-15.53	
956.658	-47.07	
956.828	-11.84	
956.997	-11.02	
957.167	-27.82	
957.336	8.23	
957.506	24.2	
957.675	29.52	
957.845	24.61	
958.014	-6.11	
958.183	-17.17	
958.353	-3.24	
958.522	3.72	
958.691	-20.45	
958.861	-32.73	
959.03	-0.79	
959.199	26.66	
959.368	34.85	
959.538	36.9	
959.707	7.41	
959.876	8.64	
960.045	-1.6	
960.214	36.9	
960.383	-33.96	
960.553	16.42	
960.722	-16.35	
960.891	17.24	
961.06	-41.33	
961.229	9.86	
961.398	-15.12	
961.567	16.83	
961.736	31.57	
961.905	-14.71	
962.074	-50.76	
962.243	16.01	
962.412	2.9	
962.581	-13.89	
962.75	-7.75	
962.918	-11.02	
963.087	-54.44	
963.256	-6.11	
963.425	32.39	
963.594	-8.98	
963.763	25.84	
963.931	-24.54	
964.1	41.81	
964.269	-2.83	
964.437	-14.3	
964.606	35.67	
964.775	14.78	
964.943	-24.54	
965.112	9.45	
965.281	12.32	
965.449	-23.72	
965.618	15.19	
965.786	1.67	
965.955	16.83	
966.124	-20.45	
966.292	-4.06	
966.461	22.56	
966.629	1.67	
966.797	-38.06	
966.966	2.9	
967.134	13.14	
967.303	0.85	
967.471	-2.42	
967.639	1.67	
967.808	-35.6	
967.976	-38.06	
968.144	33.62	
968.313	-7.75	
968.481	-4.88	
968.649	-4.47	
968.817	16.83	
968.986	31.57	
969.154	25.02	
969.322	-13.48	
969.49	34.44	
969.658	5.36	
969.827	12.32	
969.995	34.85	
970.163	12.32	
970.331	-24.13	
970.499	51.64	
970.667	-0.79	
970.835	-26.59	
971.003	-39.29	
971.171	3.72	
971.339	-1.6	
971.507	-5.7	
971.675	41.4	
971.843	-24.95	
972.011	-31.5	
972.178	-13.07	
972.346	-18.81	
972.514	38.13	
972.682	7.82	
972.85	-7.75	
973.018	9.86	
973.185	6.59	
973.353	1.26	
973.521	-22.9	
973.689	-8.98	
973.856	-36.42	
974.024	0.03	
974.192	7.41	
974.359	-12.66	
974.527	39.36	
974.694	0.44	
974.862	52.46	
975.03	27.07	
975.197	-37.65	
975.365	-21.67	
975.532	-9.8	
975.7	-5.7	
975.867	53.69	
976.035	21.74	
976.202	20.1	
976.369	22.97	
976.537	-16.35	
976.704	20.51	
976.872	16.42	
977.039	18.88	
977.206	1.26	
977.374	-0.79	
977.541	1.67	
977.708	20.1	
977.875	-33.14	
978.043	11.5	
978.21	19.29	
978.377	-14.3	
978.544	2.08	
978.711	0.85	
978.879	-38.47	
979.046	29.12	
979.213	2.08	
979.38	9.86	
979.547	-11.02	
979.714	3.31	
979.881	-19.22	
980.048	-13.89	
980.215	39.36	
980.382	-9.39	
980.549	-22.49	
980.716	19.69	
980.883	-7.34	
981.05	-52.39	
981.217	-21.67	
981.384	-9.39	
981.55	-11.43	
981.717	-5.29	
981.884	16.83	
982.051	-4.06	
982.218	28.71	
982.384	-21.67	
982.551	-1.6	
982.718	-5.7	
982.885	-2.42	
983.051	-31.09	
983.218	15.6	
983.385	-2.83	
983.551	-10.21	
983.718	9.45	
983.885	18.88	
984.051	-8.16	
984.218	-41.74	
984.384	-20.45	
984.551	40.17	
984.717	-30.69	
984.884	27.89	
985.05	-20.04	
985.217	9.45	
985.383	12.73	
985.55	-50.35	
985.716	-4.06	
985.882	9.45	
986.049	-94.99	
986.215	9.86	
986.381	-34.37	
986.548	-14.71	
986.714	-22.08	
986.88	-11.84	
987.046	-21.26	
987.213	-24.95	
987.379	-29.05	
987.545	59.83	
987.711	-4.88	
987.877	31.57	
988.044	-15.12	
988.21	1.26	
988.376	9.05	
988.542	9.86	
988.708	2.49	
988.874	16.42	
989.04	31.16	
989.206	-61	
989.372	-33.55	
989.538	-10.21	
989.704	7.41	
989.87	6.18	
990.036	3.72	
990.202	-25.77	
990.368	-13.48	
990.534	9.05	
990.699	9.45	
990.865	-1.19	
991.031	-30.28	
991.197	19.29	
991.363	-2.01	
991.528	-0.79	
991.694	-55.67	
991.86	-28.23	
992.025	17.65	
992.191	-26.18	
992.357	-44.2	
992.522	-22.08	
992.688	-2.42	
992.854	0.85	
993.019	-38.88	
993.185	-0.79	
993.35	1.26	
993.516	7	
993.681	7.41	
993.847	20.92	
994.012	-14.71	
994.178	-39.29	
994.343	13.55	
994.509	11.5	
994.674	8.23	
994.84	15.19	
995.005	28.71	
995.17	-32.32	
995.336	15.19	
995.501	-12.25	
995.666	12.73	
995.831	43.04	
995.997	21.33	
996.162	0.85	
996.327	70.07	
996.492	-54.03	
996.658	1.26	
996.823	43.04	
996.988	-23.72	
997.153	-4.06	
997.318	-12.25	
997.483	-41.74	
997.648	0.03	
997.813	11.09	
997.978	4.95	
998.143	24.61	
998.308	-12.25	
998.473	-22.08	
998.638	-8.16	
998.803	-19.63	
998.968	11.09	
999.133	-5.29	
999.298	-31.09	
999.463	-16.35	
999.628	-36.42	
999.793	4.95	
999.957	-11.43	
1000.122	-17.99	
1000.287	-28.23	
1000.452	7.41	
1000.616	-21.67	
1000.781	-26.18	
1000.946	-30.28	
1001.111	-19.22	
1001.275	-12.66	
1001.44	6.59	
1001.604	-4.06	
1001.769	-78.61	
1001.934	16.83	
1002.098	-8.98	
1002.263	-62.63	
1002.427	-12.66	
1002.592	13.96	
1002.756	-35.6	
1002.921	-1.19	
1003.085	27.07	
1003.25	9.05	
1003.414	-0.38	
1003.579	-17.99	
1003.743	1.67	
1003.907	-47.07	
1004.072	-33.55	
1004.236	-23.31	
1004.4	-14.71	
1004.565	13.55	
1004.729	49.59	
1004.893	-18.4	
1005.057	-5.7	
1005.222	-30.69	
1005.386	-9.8	
1005.55	13.14	
1005.714	-20.04	
1005.878	36.49	
1006.042	-21.67	
1006.206	36.49	
1006.371	35.26	
1006.535	37.72	
1006.699	-2.01	
1006.863	-25.77	
1007.027	-46.66	
1007.191	10.68	
1007.355	-22.08	
1007.519	40.99	
1007.683	13.55	
1007.847	-4.47	
1008.01	9.86	
1008.174	-12.66	
1008.338	20.1	
1008.502	32.39	
1008.666	-25.77	
1008.83	23.79	
1008.993	-15.53	
1009.157	-13.89	
1009.321	-37.24	
1009.485	9.05	
1009.648	3.31	
1009.812	2.08	
1009.976	29.12	
1010.139	22.15	
1010.303	-4.88	
1010.467	3.31	
1010.63	-15.94	
1010.794	-0.38	
1010.957	-11.84	
1011.121	-0.38	
1011.285	-18.81	
1011.448	-22.49	
1011.612	22.56	
1011.775	-8.16	
1011.938	9.05	
1012.102	-18.4	
1012.265	21.33	
1012.429	-29.87	
1012.592	0.85	
1012.755	15.19	
1012.919	47.55	
1013.082	-5.7	
1013.245	-27.41	
1013.409	5.36	
1013.572	-53.21	
1013.735	5.77	
1013.898	-6.93	
1014.062	-8.98	
1014.225	-24.54	
1014.388	27.48	
1014.551	-23.72	
1014.714	-5.29	
1014.877	11.91	
1015.041	-13.89	
1015.204	-27.41	
1015.367	4.95	
1015.53	29.93	
1015.693	-9.8	
1015.856	-24.13	
1016.019	-43.79	
1016.182	-18.81	
1016.345	-63.86	
1016.508	10.27	
1016.67	-17.58	
1016.833	4.54	
1016.996	62.7	
1017.159	-27.41	
1017.322	31.16	
1017.485	6.18	
1017.648	-13.07	
1017.81	45.5	
1017.973	13.14	
1018.136	1.67	
1018.298	10.68	
1018.461	44.27	
1018.624	-27	
1018.787	-7.75	
1018.949	11.5	
1019.112	-4.88	
1019.274	-6.93	
1019.437	-30.69	
1019.6	-13.89	
1019.762	-35.6	
1019.925	-16.76	
1020.087	-38.88	
1020.25	-28.23	
1020.412	-31.09	
1020.575	-27.82	
1020.737	9.86	
1020.899	0.44	
1021.062	16.01	
1021.224	-25.77	
1021.387	4.54	
1021.549	12.73	
1021.711	-16.76	
1021.874	1.67	
1022.036	-22.49	
1022.198	-21.67	
1022.36	39.36	
1022.523	-4.88	
1022.685	-24.95	
1022.847	2.08	
1023.009	-38.88	
1023.171	-24.13	
1023.333	10.68	
1023.496	-33.55	
1023.658	-13.89	
1023.82	-1.19	
1023.982	-4.06	
1024.144	-8.16	
1024.306	3.31	
1024.468	-20.04	
1024.63	-19.22	
1024.792	-16.35	
1024.954	-7.34	
1025.116	6.59	
1025.278	-0.38	
1025.44	25.84	
1025.601	19.69	
1025.763	-20.45	
1025.925	2.49	
1026.087	13.14	
1026.249	3.31	
1026.41	-20.45	
1026.572	6.59	
1026.734	35.26	
1026.896	-24.95	
1027.057	9.05	
1027.219	-14.3	
1027.381	-0.79	
1027.542	16.01	
1027.704	-21.26	
1027.866	-27.41	
1028.027	-11.02	
1028.189	18.88	
1028.35	-11.02	
1028.512	7	
1028.673	9.45	
1028.835	15.19	
1028.996	52.05	
1029.158	1.26	
1029.319	-55.67	
1029.481	-29.46	
1029.642	-76.97	
1029.803	-24.13	
1029.965	-24.54	
1030.126	-46.25	
1030.287	-12.66	
1030.449	-11.84	
1030.61	4.13	
1030.771	-5.29	
1030.933	24.2	
1031.094	31.16	
1031.255	-9.39	
1031.416	-25.77	
1031.577	-14.71	
1031.738	-24.54	
1031.9	-61.81	
1032.061	-41.33	
1032.222	20.51	
1032.383	-2.42	
1032.544	-4.88	
1032.705	-20.04	
1032.866	16.01	
1033.027	11.91	
1033.188	-6.93	
1033.349	-11.43	
1033.51	13.55	
1033.671	14.78	
1033.832	-42.15	
1033.993	15.19	
1034.153	9.05	
1034.314	-32.32	
1034.475	7	
1034.636	6.18	
1034.797	-38.47	
1034.957	-31.91	
1035.118	-41.74	
1035.279	27.48	
1035.44	-38.06	
1035.6	-5.29	
1035.761	1.26	
1035.922	10.68	
1036.082	19.69	
1036.243	-47.07	
1036.404	-41.33	
1036.564	-46.66	
1036.725	25.84	
1036.885	-14.3	
1037.046	-31.91	
1037.206	-4.06	
1037.367	40.58	
1037.527	9.05	
1037.688	-52.8	
1037.848	15.6	
1038.008	2.49	
1038.169	-36.42	
