Subt_2:202		
345.868	-29.73	
346.082	-29.73	
346.296	-29.73	
346.51	-28.09	
346.724	-15.39	
346.937	37.44	
347.151	-28.91	
347.365	10.82	
347.579	-1.06	
347.793	-17.03	
348.006	16.55	
348.22	2.22	
348.434	-1.47	
348.648	-19.08	
348.861	-8.02	
349.075	10	
349.289	-1.47	
349.502	-10.07	
349.716	-8.84	
349.93	7.95	
350.143	26.38	
350.357	-14.17	
350.571	-8.43	
350.784	-22.36	
350.998	-19.9	
351.212	-1.06	
351.425	-48.98	
351.639	34.17	
351.852	2.22	
352.066	-9.66	
352.28	-18.67	
352.493	0.58	
352.707	39.49	
352.92	-5.97	
353.134	-39.56	
353.347	-31.78	
353.561	23.93	
353.774	-28.91	
353.988	-27.27	
354.201	2.63	
354.415	-31.37	
354.628	-1.47	
354.841	-12.94	
355.055	8.77	
355.268	-11.3	
355.482	13.28	
355.695	23.11	
355.908	12.05	
356.122	-37.1	
356.335	-2.29	
356.549	-13.76	
356.762	-7.2	
356.975	0.99	
357.189	13.69	
357.402	27.61	
357.615	-25.22	
357.828	-19.49	
358.042	-22.36	
358.255	-23.59	
358.468	-38.74	
358.682	-88.3	
358.895	19.83	
359.108	-49.39	
359.321	-10.48	
359.534	30.48	
359.748	-36.28	
359.961	-31.37	
360.174	27.61	
360.387	-28.91	
360.6	-23.59	
360.813	17.37	
361.027	-8.84	
361.24	15.33	
361.453	-1.06	
361.666	-15.39	
361.879	40.72	
362.092	-14.57	
362.305	-16.62	
362.518	-3.11	
362.731	-33.42	
362.944	-16.21	
363.157	7.54	
363.37	-33.01	
363.583	-0.24	
363.796	-32.19	
364.009	-42.02	
364.222	21.06	
364.435	-37.92	
364.648	1.81	
364.861	19.83	
365.074	-3.11	
365.287	39.49	
365.5	0.58	
365.713	41.54	
365.926	-49.39	
366.139	-30.14	
366.352	0.17	
366.564	12.46	
366.777	-5.15	
366.99	-51.85	
367.203	-12.12	
367.416	-11.3	
367.629	21.88	
367.841	-19.08	
368.054	-23.18	
368.267	-6.38	
368.48	25.57	
368.693	-21.13	
368.905	30.48	
369.118	-30.14	
369.331	-13.35	
369.544	-30.96	
369.756	-7.61	
369.969	-40.38	
370.182	0.17	
370.394	25.98	
370.607	-64.55	
370.82	-2.7	
371.032	-5.15	
371.245	-8.84	
371.458	-42.02	
371.67	-3.52	
371.883	-17.44	
372.095	-3.93	
372.308	22.29	
372.52	6.72	
372.733	12.87	
372.946	13.28	
373.158	-4.74	
373.371	-7.61	
373.583	23.11	
373.796	-4.33	
374.008	5.09	
374.221	-26.45	
374.433	8.77	
374.646	-29.73	
374.858	-17.44	
375.071	-19.49	
375.283	-9.25	
375.495	-45.7	
375.708	-23.18	
375.92	14.51	
376.133	7.95	
376.345	-21.13	
376.557	23.93	
376.77	-71.92	
376.982	10.82	
377.194	37.03	
377.407	-19.9	
377.619	-15.39	
377.831	10.82	
378.044	-14.98	
378.256	-29.32	
378.468	-19.49	
378.68	5.5	
378.893	-0.24	
379.105	-24.81	
379.317	-22.36	
379.529	-37.51	
379.742	-36.69	
379.954	-30.96	
380.166	-19.9	
380.378	-1.47	
380.59	-17.03	
380.803	-29.32	
381.015	-31.37	
381.227	11.64	
381.439	-51.03	
381.651	-46.52	
381.863	10.82	
382.075	-18.26	
382.287	-27.68	
382.499	6.72	
382.712	-17.85	
382.924	-21.95	
383.136	5.9	
383.348	-51.85	
383.56	-30.14	
383.772	-33.01	
383.984	-7.2	
384.196	-3.52	
384.408	-4.74	
384.62	-16.21	
384.832	-28.91	
385.044	18.6	
385.255	-7.61	
385.467	-32.19	
385.679	-33.01	
385.891	-4.33	
386.103	11.64	
386.315	-29.32	
386.527	-23.59	
386.739	11.64	
386.951	-13.35	
387.162	12.87	
387.374	-51.85	
387.586	-35.05	
387.798	28.02	
388.01	-44.48	
388.221	7.54	
388.433	-11.71	
388.645	37.85	
388.857	-31.37	
389.069	9.59	
389.28	-11.3	
389.492	-32.6	
389.704	-1.06	
389.915	20.65	
390.127	-21.54	
390.339	-7.2	
390.55	-28.5	
390.762	20.24	
390.974	-73.97	
391.185	-21.95	
391.397	-44.48	
391.609	-13.76	
391.82	113.22	
392.032	13.28	
392.243	-51.03	
392.455	37.85	
392.667	-7.2	
392.878	-16.62	
393.09	-46.52	
393.301	-24	
393.513	-27.68	
393.724	0.58	
393.936	-3.52	
394.147	53.01	
394.359	-10.89	
394.57	-42.02	
394.782	-19.08	
394.993	-34.64	
395.204	9.59	
395.416	12.87	
395.627	-31.78	
395.839	-41.2	
396.05	-31.78	
396.261	-8.43	
396.473	-9.66	
396.684	-5.97	
396.896	35.81	
397.107	-12.53	
397.318	-4.74	
397.529	0.17	
397.741	10	
397.952	-12.94	
398.163	51.78	
398.375	-74.78	
398.586	-32.19	
398.797	-5.15	
399.008	-33.42	
399.22	22.29	
399.431	-25.63	
399.642	-45.7	
399.853	38.67	
400.064	-7.61	
400.276	-29.32	
400.487	-0.24	
400.698	33.35	
400.909	9.18	
401.12	19.83	
401.331	25.57	
401.542	-10.07	
401.754	39.49	
401.965	57.92	
402.176	17.78	
402.387	51.78	
402.598	119.77	
402.809	232.82	
403.02	291.8	
403.231	324.98	
403.442	275.42	
403.653	230.77	
403.864	155	
404.075	15.33	
404.286	19.83	
404.497	34.58	
404.708	28.84	
404.919	-1.06	
405.13	17.78	
405.341	41.95	
405.551	-26.04	
405.762	16.55	
405.973	15.33	
406.184	14.92	
406.395	-24	
406.606	10	
406.817	20.24	
407.027	-50.21	
407.238	-0.65	
407.449	-6.38	
407.66	39.08	
407.871	28.84	
408.081	-55.53	
408.292	-59.22	
408.503	-3.52	
408.714	-35.87	
408.924	-8.84	
409.135	4.68	
409.346	1.4	
409.556	39.49	
409.767	13.28	
409.978	3.86	
410.188	48.09	
410.399	3.45	
410.61	24.75	
410.82	-14.17	
411.031	49.73	
411.242	-4.33	
411.452	18.6	
411.663	0.99	
411.873	57.1	
412.084	34.17	
412.295	-22.36	
412.505	-12.53	
412.716	7.13	
412.926	76.36	
413.137	5.9	
413.347	14.51	
413.558	39.9	
413.768	-25.63	
413.979	8.77	
414.189	38.67	
414.399	30.07	
414.61	-6.79	
414.82	23.11	
415.031	28.43	
415.241	25.16	
415.451	26.38	
415.662	17.37	
415.872	69.39	
416.083	34.58	
416.293	26.79	
416.503	52.6	
416.714	35.81	
416.924	30.48	
417.134	16.55	
417.344	31.71	
417.555	65.71	
417.765	16.55	
417.975	9.18	
418.186	13.28	
418.396	0.99	
418.606	5.9	
418.816	33.35	
419.026	32.12	
419.237	22.7	
419.447	21.88	
419.657	41.54	
419.867	67.34	
420.077	31.71	
420.287	44.82	
420.497	62.43	
420.708	62.84	
420.918	36.62	
421.128	88.23	
421.338	35.81	
421.548	54.65	
421.758	16.14	
421.968	71.03	
422.178	82.5	
422.388	62.84	
422.598	37.44	
422.808	28.43	
423.018	76.36	
423.228	79.22	
423.438	91.51	
423.648	44.82	
423.858	67.75	
424.068	111.17	
424.278	79.22	
424.488	50.96	
424.698	69.39	
424.907	59.56	
425.117	43.18	
425.327	91.1	
425.537	93.97	
425.747	59.97	
425.957	93.97	
426.167	82.5	
426.376	50.14	
426.586	65.3	
426.796	64.89	
427.006	91.51	
427.216	27.2	
427.425	49.73	
427.635	75.95	
427.845	46.05	
428.054	88.64	
428.264	85.78	
428.474	102.57	
428.684	56.69	
428.893	75.54	
429.103	75.95	
429.313	53.83	
429.522	109.94	
429.732	57.92	
429.941	140.25	
430.151	112.81	
430.361	62.84	
430.57	69.8	
430.78	99.7	
430.989	90.69	
431.199	88.23	
431.409	88.23	
431.618	105.03	
431.828	95.61	
432.037	106.26	
432.247	56.69	
432.456	80.45	
432.666	46.05	
432.875	76.76	
433.084	111.58	
433.294	67.75	
433.503	43.59	
433.713	85.37	
433.922	90.28	
434.132	97.65	
434.341	130.42	
434.55	92.74	
434.76	107.48	
434.969	94.79	
435.178	79.22	
435.388	116.09	
435.597	102.98	
435.806	69.39	
436.016	39.49	
436.225	68.57	
436.434	101.75	
436.643	109.94	
436.853	88.64	
437.062	91.1	
437.271	133.29	
437.48	148.03	
437.69	122.23	
437.899	104.21	
438.108	138.61	
438.317	80.86	
438.526	107.89	
438.735	93.97	
438.945	118.13	
439.154	45.64	
439.363	94.38	
439.572	92.74	
439.781	135.75	
439.99	117.72	
440.199	84.14	
440.408	139.02	
440.617	152.95	
440.826	93.97	
441.035	102.98	
441.244	40.72	
441.453	99.29	
441.662	128.37	
441.871	100.11	
442.08	108.3	
442.289	161.96	
442.498	59.97	
442.707	129.19	
442.916	87.41	
443.125	92.74	
443.334	60.38	
443.543	102.57	
443.752	85.78	
443.961	120.18	
444.169	121.82	
444.378	75.13	
444.587	85.37	
444.796	132.06	
445.005	89.87	
445.213	89.87	
445.422	91.51	
445.631	86.59	
445.84	21.88	
446.049	130.42	
446.257	70.21	
446.466	76.36	
446.675	77.99	
446.883	128.37	
447.092	94.38	
447.301	87	
447.51	86.19	
447.718	108.3	
447.927	104.62	
448.135	68.98	
448.344	81.68	
448.553	77.58	
448.761	80.86	
448.97	62.43	
449.179	88.23	
449.387	101.34	
449.596	64.48	
449.804	77.58	
450.013	121.82	
450.221	44	
450.43	116.09	
450.638	117.31	
450.847	141.48	
451.055	125.51	
451.264	58.74	
451.472	84.14	
451.681	145.17	
451.889	116.9	
452.097	104.62	
452.306	93.56	
452.514	84.14	
452.723	107.07	
452.931	86.19	
453.139	82.5	
453.348	106.67	
453.556	81.27	
453.764	120.59	
453.973	105.03	
454.181	113.63	
454.389	64.48	
454.598	112.81	
454.806	109.53	
455.014	80.45	
455.222	86.19	
455.431	125.51	
455.639	57.92	
455.847	103.8	
456.055	100.11	
456.264	66.12	
456.472	62.43	
456.68	140.66	
456.888	123.46	
457.096	99.29	
457.304	89.87	
457.512	91.1	
457.721	76.76	
457.929	109.94	
458.137	76.76	
458.345	116.09	
458.553	98.47	
458.761	111.99	
458.969	105.44	
459.177	139.84	
459.385	96.83	
459.593	119.36	
459.801	130.83	
460.009	80.86	
460.217	134.93	
460.425	138.61	
460.633	64.89	
460.841	111.99	
461.049	127.14	
461.257	90.69	
461.465	115.27	
461.673	107.07	
461.88	97.65	
462.088	78.81	
462.296	98.06	
462.504	117.72	
462.712	98.06	
462.92	109.94	
463.127	71.44	
463.335	106.26	
463.543	111.17	
463.751	96.43	
463.959	119.77	
464.166	80.86	
464.374	120.18	
464.582	119.77	
464.79	95.61	
464.997	115.68	
465.205	140.66	
465.413	98.47	
465.62	113.22	
465.828	130.01	
466.036	155.82	
466.243	112.81	
466.451	147.62	
466.658	152.95	
466.866	106.26	
467.074	144.35	
467.281	128.78	
467.489	114.04	
467.696	105.85	
467.904	145.58	
468.111	101.34	
468.319	126.33	
468.527	163.6	
468.734	81.27	
468.942	153.77	
469.149	150.49	
469.356	139.02	
469.564	181.21	
469.771	144.35	
469.979	167.28	
470.186	192.68	
470.394	154.59	
470.601	163.19	
470.808	173.43	
471.016	129.19	
471.223	171.38	
471.43	170.97	
471.638	161.14	
471.845	165.65	
472.052	184.49	
472.26	164.01	
472.467	125.51	
472.674	191.86	
472.882	147.21	
473.089	181.62	
473.296	151.31	
473.503	213.57	
473.711	219.3	
473.918	174.66	
474.125	193.5	
474.332	138.2	
474.539	224.63	
474.746	191.45	
474.954	182.44	
475.161	169.74	
475.368	188.17	
475.575	191.45	
475.782	224.63	
475.989	233.64	
476.196	182.85	
476.403	241.83	
476.61	214.8	
476.817	218.89	
477.024	219.71	
477.231	249.61	
477.438	223.81	
477.645	247.57	
477.852	216.44	
478.059	217.66	
478.266	230.36	
478.473	242.24	
478.68	208.24	
478.887	279.92	
479.094	234.05	
479.301	247.16	
479.508	265.59	
479.715	275.42	
479.922	270.91	
480.129	242.65	
480.335	277.47	
480.542	261.9	
480.749	208.65	
480.956	287.71	
481.163	321.7	
481.369	313.51	
481.576	333.17	
481.783	231.59	
481.99	290.98	
482.196	259.03	
482.403	323.34	
482.61	243.47	
482.817	333.58	
483.023	305.32	
483.23	329.07	
483.437	305.73	
483.643	307.78	
483.85	313.92	
484.057	333.58	
484.263	299.58	
484.47	340.13	
484.676	334.81	
484.883	340.54	
485.09	311.87	
485.296	345.87	
485.503	336.86	
485.709	324.98	
485.916	368.4	
486.122	327.85	
486.329	333.17	
486.535	344.64	
486.742	365.53	
486.948	345.46	
487.155	367.17	
487.361	392.56	
487.567	417.96	
487.774	367.99	
487.98	426.97	
488.187	416.73	
488.393	406.08	
488.599	393.38	
488.806	341.77	
489.012	388.47	
489.219	387.24	
489.425	403.62	
489.631	374.95	
489.837	409.35	
490.044	416.32	
490.25	437.62	
490.456	377	
490.663	428.61	
490.869	458.1	
491.075	426.15	
491.281	411.81	
491.487	438.85	
491.694	385.19	
491.9	522.4	
492.106	457.28	
492.312	479.8	
492.518	408.95	
492.724	484.72	
492.931	457.69	
493.137	469.57	
493.343	412.22	
493.549	461.37	
493.755	514.62	
493.961	460.14	
494.167	489.23	
494.373	483.49	
494.579	476.12	
494.785	475.71	
494.991	455.64	
495.197	474.89	
495.403	493.32	
495.609	510.93	
495.815	472.84	
496.021	537.97	
496.227	491.27	
496.433	503.15	
496.639	568.28	
496.845	496.19	
497.05	544.52	
497.256	503.56	
497.462	528.96	
497.668	506.43	
497.874	522.81	
498.08	525.68	
498.286	554.76	
498.491	552.3	
498.697	546.16	
498.903	531.82	
499.109	489.64	
499.314	532.64	
499.52	540.83	
499.726	549.44	
499.932	561.31	
500.137	550.66	
500.343	559.27	
500.549	564.59	
500.754	550.26	
500.96	598.59	
501.166	536.33	
501.371	529.37	
501.577	523.63	
501.782	552.3	
501.988	559.27	
502.194	543.29	
502.399	562.95	
502.605	603.5	
502.81	540.02	
503.016	562.54	
503.221	552.71	
503.427	546.16	
503.632	557.63	
503.838	550.26	
504.043	544.11	
504.249	567.46	
504.454	509.71	
504.66	567.46	
504.865	571.55	
505.071	562.95	
505.276	547.39	
505.481	570.33	
505.687	536.33	
505.892	512.98	
506.097	490.04	
506.303	555.17	
506.508	542.47	
506.713	538.79	
506.919	509.3	
507.124	527.32	
507.329	572.37	
507.535	551.07	
507.74	520.76	
507.945	534.69	
508.15	565.82	
508.356	487.59	
508.561	546.98	
508.766	504.79	
508.971	527.32	
509.176	552.71	
509.381	532.23	
509.587	527.73	
509.792	517.9	
509.997	487.18	
510.202	488.41	
510.407	521.17	
510.612	536.74	
510.817	499.88	
511.022	510.93	
511.227	524.04	
511.432	520.76	
511.637	503.56	
511.842	494.96	
512.047	482.26	
512.252	532.23	
512.457	497.42	
512.662	517.08	
512.867	508.48	
513.072	494.96	
513.277	485.54	
513.482	490.45	
513.687	488	
513.892	494.14	
514.097	479.8	
514.302	475.71	
514.507	465.47	
514.711	486.77	
514.916	482.67	
515.121	520.76	
515.326	460.55	
515.531	463.42	
515.735	475.3	
515.94	478.58	
516.145	458.1	
516.35	451.95	
516.554	422.46	
516.759	456.05	
516.964	385.19	
517.169	414.68	
517.373	455.23	
517.578	401.16	
517.783	427.38	
517.987	388.06	
518.192	367.58	
518.396	372.9	
518.601	462.19	
518.806	404.85	
519.01	406.9	
519.215	389.28	
519.419	383.14	
519.624	410.99	
519.829	389.69	
520.033	419.19	
520.238	409.76	
520.442	375.36	
520.647	378.23	
520.851	357.75	
521.055	345.46	
521.26	379.04	
521.464	415.5	
521.669	383.14	
521.873	374.54	
522.078	397.48	
522.282	370.03	
522.486	354.47	
522.691	365.12	
522.895	366.35	
523.099	391.74	
523.304	366.35	
523.508	379.04	
523.712	371.26	
523.917	323.75	
524.121	372.49	
524.325	361.84	
524.53	348.33	
524.734	363.89	
524.938	339.72	
525.142	345.87	
525.346	330.3	
525.551	309.82	
525.755	373.72	
525.959	350.78	
526.163	350.37	
526.367	303.27	
526.571	300.81	
526.776	356.11	
526.98	321.7	
527.184	296.72	
527.388	304.91	
527.592	354.06	
527.796	344.23	
528	334.81	
528.204	326.62	
528.408	261.08	
528.612	334.81	
528.816	340.95	
529.02	304.5	
529.224	259.03	
529.428	309.82	
529.632	303.27	
529.836	304.5	
530.04	305.32	
530.244	276.65	
530.448	282.38	
530.652	306.96	
530.855	301.63	
531.059	272.55	
531.263	268.86	
531.467	315.56	
531.671	297.54	
531.875	275.01	
532.078	284.84	
532.282	277.06	
532.486	334.81	
532.69	256.99	
532.893	319.24	
533.097	268.86	
533.301	277.88	
533.505	313.51	
533.708	284.02	
533.912	268.86	
534.116	273.78	
534.319	244.29	
534.523	247.97	
534.727	294.26	
534.93	272.14	
535.134	272.14	
535.338	295.08	
535.541	254.12	
535.745	258.62	
535.948	308.59	
536.152	311.46	
536.355	244.29	
536.559	302.45	
536.762	252.89	
536.966	278.69	
537.169	288.12	
537.373	257.4	
537.576	236.92	
537.78	256.17	
537.983	222.99	
538.187	275.83	
538.39	217.26	
538.593	252.07	
538.797	254.12	
539	293.03	
539.204	285.25	
539.407	233.23	
539.61	266.82	
539.814	324.16	
540.017	238.96	
540.22	256.99	
540.424	263.54	
540.627	193.5	
540.83	218.89	
541.033	251.66	
541.237	245.93	
541.44	260.26	
541.643	230.36	
541.846	236.51	
542.049	183.67	
542.253	173.02	
542.456	213.98	
542.659	234.87	
542.862	297.95	
543.065	275.83	
543.268	229.95	
543.471	287.71	
543.674	230.77	
543.878	227.09	
544.081	267.23	
544.284	225.04	
544.487	250.84	
544.69	256.99	
544.893	241.42	
545.096	235.69	
545.299	217.66	
545.502	246.75	
545.705	265.18	
545.908	239.78	
546.111	299.58	
546.314	179.98	
546.516	247.57	
546.719	199.64	
546.922	209.47	
547.125	233.23	
547.328	266.41	
547.531	243.47	
547.734	244.29	
547.936	185.72	
548.139	192.27	
548.342	301.22	
548.545	258.62	
548.748	264.77	
548.95	236.1	
549.153	247.16	
549.356	234.87	
549.559	265.59	
549.761	263.95	
549.964	222.99	
550.167	228.31	
550.369	200.46	
550.572	222.17	
550.775	216.44	
550.977	250.43	
551.18	225.86	
551.383	235.69	
551.585	231.59	
551.788	223.81	
551.99	279.1	
552.193	236.1	
552.396	209.88	
552.598	217.26	
552.801	221.35	
553.003	252.48	
553.206	256.58	
553.408	244.7	
553.611	213.57	
553.813	183.67	
554.015	239.78	
554.218	208.65	
554.42	222.17	
554.623	176.71	
554.825	243.47	
555.027	233.23	
555.23	244.29	
555.432	230.77	
555.635	232	
555.837	252.48	
556.039	243.88	
556.242	227.9	
556.444	214.39	
556.646	195.96	
556.848	240.19	
557.051	191.86	
557.253	199.64	
557.455	253.71	
557.657	203.33	
557.86	222.17	
558.062	243.47	
558.264	257.4	
558.466	219.71	
558.668	196.37	
558.87	268.04	
559.073	226.68	
559.275	228.72	
559.477	223.4	
559.679	255.76	
559.881	191.86	
560.083	237.33	
560.285	264.36	
560.487	259.85	
560.689	205.79	
560.891	200.87	
561.093	185.31	
561.295	189.4	
561.497	224.22	
561.699	255.76	
561.901	199.64	
562.103	256.99	
562.305	200.87	
562.507	204.97	
562.709	174.66	
562.911	200.46	
563.113	221.35	
563.314	185.72	
563.516	154.18	
563.718	207.02	
563.92	207.43	
564.122	218.48	
564.323	234.05	
564.525	200.87	
564.727	226.27	
564.929	228.31	
565.131	236.92	
565.332	212.34	
565.534	185.72	
565.736	245.93	
565.937	229.95	
566.139	250.84	
566.341	194.73	
566.542	230.77	
566.744	193.5	
566.946	229.13	
567.147	192.68	
567.349	222.99	
567.551	243.06	
567.752	147.21	
567.954	209.47	
568.155	193.09	
568.357	195.96	
568.558	175.48	
568.76	178.75	
568.961	194.32	
569.163	197.19	
569.364	186.95	
569.566	219.71	
569.767	210.7	
569.969	219.71	
570.17	213.16	
570.372	229.13	
570.573	198.41	
570.774	238.14	
570.976	191.04	
571.177	211.93	
571.378	213.98	
571.58	267.64	
571.781	246.34	
571.982	211.93	
572.184	203.33	
572.385	230.77	
572.586	226.68	
572.788	210.7	
572.989	205.79	
573.19	209.88	
573.391	195.96	
573.592	230.77	
573.794	188.99	
573.995	228.72	
574.196	203.74	
574.397	230.77	
574.598	221.35	
574.799	167.28	
575.001	197.19	
575.202	229.54	
575.403	234.46	
575.604	186.13	
575.805	131.65	
576.006	234.05	
576.207	181.62	
576.408	198.41	
576.609	142.71	
576.81	197.59	
577.011	170.56	
577.212	186.95	
577.413	191.45	
577.614	202.1	
577.815	217.26	
578.016	192.27	
578.217	234.87	
578.418	161.55	
578.619	227.5	
578.819	177.93	
579.02	160.73	
579.221	231.18	
579.422	165.24	
579.623	152.95	
579.824	197.19	
580.024	185.72	
580.225	227.09	
580.426	230.77	
580.627	209.06	
580.827	239.78	
581.028	242.65	
581.229	187.36	
581.43	225.86	
581.63	172.61	
581.831	207.43	
582.032	173.84	
582.232	196.78	
582.433	206.2	
582.634	239.78	
582.834	207.02	
583.035	233.23	
583.235	175.48	
583.436	175.89	
583.636	234.05	
583.837	231.59	
584.038	180.8	
584.238	213.98	
584.439	154.18	
584.639	193.91	
584.84	210.29	
585.04	169.74	
585.241	211.52	
585.441	210.29	
585.641	240.19	
585.842	200.87	
586.042	227.09	
586.243	194.32	
586.443	213.98	
586.643	183.67	
586.844	149.67	
587.044	176.71	
587.244	209.06	
587.445	126.33	
587.645	216.85	
587.845	207.83	
588.046	227.09	
588.246	188.17	
588.446	178.75	
588.646	164.01	
588.847	186.13	
589.047	213.16	
589.247	142.71	
589.447	195.55	
589.647	182.03	
589.847	225.45	
590.048	188.17	
590.248	159.09	
590.448	195.14	
590.648	218.07	
590.848	165.65	
591.048	192.27	
591.248	182.44	
591.448	139.84	
591.648	158.27	
591.848	182.03	
592.048	199.64	
592.248	199.64	
592.448	204.97	
592.648	213.16	
592.848	199.64	
593.048	232.82	
593.248	185.31	
593.448	177.12	
593.648	180.8	
593.848	187.36	
594.048	155	
594.248	184.9	
594.447	173.43	
594.647	195.14	
594.847	187.76	
595.047	200.05	
595.247	208.65	
595.447	213.16	
595.646	206.61	
595.846	168.51	
596.046	195.14	
596.246	193.09	
596.445	153.36	
596.645	177.12	
596.845	193.5	
597.044	207.83	
597.244	224.63	
597.444	199.64	
597.643	187.76	
597.843	167.28	
598.043	170.56	
598.242	169.33	
598.442	206.61	
598.641	102.98	
598.841	206.2	
599.041	167.28	
599.24	188.58	
599.44	191.45	
599.639	181.21	
599.839	175.48	
600.038	190.22	
600.238	181.21	
600.437	195.14	
600.637	197.59	
600.836	192.27	
601.035	203.74	
601.235	195.96	
601.434	186.54	
601.634	191.45	
601.833	153.77	
602.032	150.49	
602.232	201.28	
602.431	228.72	
602.63	158.68	
602.83	169.33	
603.029	193.09	
603.228	204.97	
603.427	185.31	
603.627	135.34	
603.826	126.74	
604.025	184.08	
604.224	192.27	
604.424	182.44	
604.623	172.2	
604.822	166.06	
605.021	198.41	
605.22	145.99	
605.419	188.17	
605.618	185.31	
605.818	195.96	
606.017	157.45	
606.216	173.43	
606.415	213.16	
606.614	182.44	
606.813	190.22	
607.012	149.67	
607.211	177.12	
607.41	193.5	
607.609	199.64	
607.808	170.97	
608.007	186.95	
608.206	186.95	
608.405	122.23	
608.604	161.96	
608.802	158.27	
609.001	111.99	
609.2	161.55	
609.399	144.35	
609.598	175.48	
609.797	132.88	
609.996	139.43	
610.194	144.76	
610.393	154.59	
610.592	106.26	
610.791	192.27	
610.99	208.65	
611.188	139.02	
611.387	206.61	
611.586	178.34	
611.784	177.12	
611.983	152.95	
612.182	142.3	
612.38	166.88	
612.579	166.06	
612.778	191.45	
612.976	144.76	
613.175	170.56	
613.374	129.6	
613.572	136.97	
613.771	166.88	
613.969	141.48	
614.168	203.74	
614.366	177.52	
614.565	145.58	
614.763	181.62	
614.962	175.07	
615.16	181.21	
615.359	151.31	
615.557	186.54	
615.756	149.26	
615.954	119.36	
616.153	162.37	
616.351	161.55	
616.549	186.54	
616.748	169.33	
616.946	193.91	
617.144	151.31	
617.343	146.4	
617.541	139.43	
617.739	173.84	
617.938	130.83	
618.136	188.17	
618.334	165.65	
618.532	97.65	
618.731	175.89	
618.929	172.61	
619.127	149.67	
619.325	160.73	
619.523	140.66	
619.722	171.79	
619.92	154.59	
620.118	150.08	
620.316	147.62	
620.514	165.65	
620.712	134.93	
620.91	137.79	
621.108	203.74	
621.306	149.67	
621.505	117.31	
621.703	141.48	
621.901	126.33	
622.099	117.31	
622.297	170.15	
622.495	161.55	
622.693	153.77	
622.89	179.98	
623.088	134.52	
623.286	130.42	
623.484	163.6	
623.682	156.23	
623.88	144.76	
624.078	122.64	
624.276	176.3	
624.474	135.75	
624.671	97.24	
624.869	163.19	
625.067	124.28	
625.265	147.21	
625.463	113.22	
625.66	129.6	
625.858	159.09	
626.056	129.6	
626.254	130.42	
626.451	102.57	
626.649	118.54	
626.847	175.48	
627.044	165.65	
627.242	153.77	
627.44	143.94	
627.637	207.83	
627.835	180.8	
628.032	143.94	
628.23	143.94	
628.428	148.03	
628.625	148.85	
628.823	134.93	
629.02	154.59	
629.218	104.62	
629.415	109.94	
629.613	116.5	
629.81	114.86	
630.008	152.54	
630.205	119.77	
630.403	126.74	
630.6	120.59	
630.797	138.2	
630.995	124.28	
631.192	118.95	
631.39	109.94	
631.587	161.55	
631.784	136.16	
631.982	190.63	
632.179	132.47	
632.376	130.01	
632.574	123.46	
632.771	122.64	
632.968	111.17	
633.165	125.1	
633.363	120.18	
633.56	140.66	
633.757	120.18	
633.954	166.47	
634.151	118.54	
634.349	158.27	
634.546	136.57	
634.743	133.7	
634.94	114.86	
635.137	115.27	
635.334	75.54	
635.531	143.94	
635.728	150.9	
635.925	136.97	
636.122	92.74	
636.319	119.77	
636.516	96.83	
636.713	127.96	
636.91	140.25	
637.107	160.73	
637.304	100.11	
637.501	114.45	
637.698	80.04	
637.895	163.19	
638.092	121.82	
638.289	114.04	
638.486	110.76	
638.683	108.3	
638.88	171.79	
639.076	126.33	
639.273	144.35	
639.47	129.6	
639.667	146.81	
639.864	88.23	
640.06	129.6	
640.257	88.23	
640.454	79.63	
640.651	114.04	
640.847	154.59	
641.044	80.04	
641.241	133.7	
641.437	111.99	
641.634	158.68	
641.831	125.1	
642.027	136.57	
642.224	84.55	
642.421	136.57	
642.617	114.45	
642.814	159.91	
643.01	100.11	
643.207	117.31	
643.403	118.95	
643.6	106.26	
643.796	145.17	
643.993	92.74	
644.189	155.82	
644.386	115.27	
644.582	112.81	
644.779	139.84	
644.975	101.75	
645.172	102.16	
645.368	132.06	
645.564	121.41	
645.761	139.02	
645.957	136.57	
646.153	89.05	
646.35	135.34	
646.546	125.51	
646.742	107.48	
646.939	89.05	
647.135	68.98	
647.331	116.5	
647.527	103.39	
647.724	139.84	
647.92	45.64	
648.116	122.23	
648.312	61.2	
648.509	141.48	
648.705	48.5	
648.901	102.16	
649.097	91.1	
649.293	98.06	
649.489	91.92	
649.685	99.7	
649.881	99.7	
650.077	98.06	
650.274	120.59	
650.47	86.59	
650.666	96.83	
650.862	97.65	
651.058	105.85	
651.254	35.4	
651.45	83.73	
651.645	115.68	
651.841	146.81	
652.037	137.79	
652.233	143.94	
652.429	111.17	
652.625	101.75	
652.821	107.48	
653.017	82.5	
653.213	116.5	
653.408	114.45	
653.604	95.61	
653.8	91.51	
653.996	109.12	
654.192	75.95	
654.387	62.02	
654.583	114.86	
654.779	82.5	
654.975	84.96	
655.17	119.36	
655.366	146.4	
655.562	73.49	
655.757	145.58	
655.953	96.02	
656.149	103.39	
656.344	77.58	
656.54	116.09	
656.735	149.26	
656.931	95.61	
657.127	108.3	
657.322	115.27	
657.518	109.12	
657.713	93.56	
657.909	106.26	
658.104	77.58	
658.3	109.53	
658.495	60.38	
658.691	92.33	
658.886	106.26	
659.082	97.65	
659.277	110.76	
659.472	104.21	
659.668	87.82	
659.863	112.4	
660.059	96.43	
660.254	80.04	
660.449	77.17	
660.644	73.08	
660.84	94.38	
661.035	143.94	
661.23	30.48	
661.426	111.99	
661.621	110.35	
661.816	90.28	
662.011	135.34	
662.207	71.85	
662.402	84.14	
662.597	52.6	
662.792	34.58	
662.987	90.69	
663.182	85.37	
663.377	102.16	
663.573	97.24	
663.768	84.55	
663.963	109.94	
664.158	73.9	
664.353	62.02	
664.548	37.03	
664.743	104.21	
664.938	101.75	
665.133	112.81	
665.328	74.31	
665.523	80.86	
665.718	39.49	
665.913	157.45	
666.108	87.41	
666.303	57.92	
666.498	109.94	
666.692	58.74	
666.887	59.15	
667.082	35.81	
667.277	87.41	
667.472	76.36	
667.667	123.05	
667.861	102.98	
668.056	103.8	
668.251	17.78	
668.446	121.82	
668.64	46.45	
668.835	112.81	
669.03	51.78	
669.225	34.99	
669.419	79.22	
669.614	93.56	
669.809	100.11	
670.003	51.78	
670.198	57.92	
670.393	72.26	
670.587	101.75	
670.782	111.17	
670.976	45.64	
671.171	87.41	
671.365	82.91	
671.56	51.37	
671.754	57.51	
671.949	74.31	
672.143	105.44	
672.338	83.32	
672.532	59.56	
672.727	108.3	
672.921	80.86	
673.116	67.75	
673.31	96.83	
673.504	87	
673.699	101.34	
673.893	84.14	
674.088	69.39	
674.282	71.85	
674.476	41.54	
674.67	88.23	
674.865	36.62	
675.059	26.38	
675.253	84.14	
675.448	94.38	
675.642	93.15	
675.836	106.67	
676.03	88.64	
676.224	57.92	
676.419	111.99	
676.613	44	
676.807	49.73	
677.001	73.49	
677.195	76.76	
677.389	30.48	
677.583	84.14	
677.777	58.74	
677.972	46.05	
678.166	75.13	
678.36	81.27	
678.554	85.78	
678.748	102.98	
678.942	73.49	
679.136	115.68	
679.33	45.23	
679.524	54.65	
679.717	76.36	
679.911	60.79	
680.105	77.58	
680.299	71.03	
680.493	47.27	
680.687	50.14	
680.881	78.81	
681.075	85.37	
681.268	43.18	
681.462	43.59	
681.656	78.4	
681.85	67.34	
682.044	19.42	
682.237	115.68	
682.431	98.88	
682.625	90.69	
682.819	98.88	
683.012	77.17	
683.206	68.98	
683.4	81.68	
683.593	109.12	
683.787	103.8	
683.981	37.03	
684.174	16.14	
684.368	84.14	
684.561	60.38	
684.755	76.76	
684.948	74.31	
685.142	41.54	
685.335	52.19	
685.529	40.72	
685.722	45.23	
685.916	55.47	
686.109	62.02	
686.303	10	
686.496	51.37	
686.69	122.64	
686.883	10	
687.077	30.48	
687.27	38.67	
687.463	66.93	
687.657	49.73	
687.85	52.19	
688.043	107.07	
688.237	44	
688.43	73.9	
688.623	37.44	
688.816	67.34	
689.01	61.61	
689.203	35.81	
689.396	54.24	
689.589	60.38	
689.783	55.47	
689.976	54.24	
690.169	134.93	
690.362	5.9	
690.555	38.26	
690.748	91.1	
690.941	34.58	
691.135	50.55	
691.328	78.4	
691.521	103.39	
691.714	62.84	
691.907	29.25	
692.1	26.38	
692.293	88.23	
692.486	37.03	
692.679	38.26	
692.872	32.53	
693.065	29.66	
693.258	70.21	
693.451	30.07	
693.644	39.49	
693.836	31.71	
694.029	52.19	
694.222	62.02	
694.415	89.05	
694.608	53.42	
694.801	53.42	
694.993	67.75	
695.186	23.93	
695.379	72.26	
695.572	52.6	
695.765	57.1	
695.957	15.74	
696.15	60.79	
696.343	21.47	
696.535	44.41	
696.728	31.71	
696.921	37.44	
697.113	107.48	
697.306	35.81	
697.499	58.74	
697.691	53.42	
697.884	44.82	
698.076	69.8	
698.269	36.21	
698.462	92.33	
698.654	51.78	
698.847	99.7	
699.039	40.72	
699.232	74.31	
699.424	42.77	
699.617	45.23	
699.809	64.07	
700.001	40.31	
700.194	47.27	
700.386	48.09	
700.579	66.93	
700.771	32.94	
700.963	63.66	
701.156	2.22	
701.348	5.09	
701.54	41.54	
701.733	21.88	
701.925	23.11	
702.117	65.3	
702.309	39.08	
702.502	8.77	
702.694	83.73	
702.886	80.45	
703.078	58.33	
703.271	42.77	
703.463	30.89	
703.655	37.85	
703.847	30.89	
704.039	66.93	
704.231	39.9	
704.423	84.55	
704.615	-6.79	
704.808	30.89	
705	24.75	
705.192	57.51	
705.384	27.61	
705.576	30.89	
705.768	38.26	
705.96	48.09	
706.152	28.43	
706.344	39.9	
706.536	6.31	
706.727	32.12	
706.919	-3.52	
707.111	35.4	
707.303	34.99	
707.495	14.92	
707.687	11.23	
707.879	107.07	
708.071	45.23	
708.262	22.29	
708.454	27.61	
708.646	34.99	
708.838	34.58	
709.029	39.49	
709.221	12.46	
709.413	46.45	
709.605	52.6	
709.796	11.23	
709.988	75.13	
710.18	35.4	
710.371	72.67	
710.563	21.06	
710.755	8.36	
710.946	69.39	
711.138	27.2	
711.329	42.77	
711.521	20.65	
711.712	71.44	
711.904	21.88	
712.095	21.88	
712.287	45.23	
712.478	48.09	
712.67	43.18	
712.861	11.23	
713.053	94.38	
713.244	51.78	
713.436	43.18	
713.627	53.42	
713.818	44	
714.01	63.66	
714.201	37.44	
714.393	6.31	
714.584	37.03	
714.775	31.71	
714.966	34.58	
715.158	14.92	
715.349	19.42	
715.54	25.57	
715.732	10.41	
715.923	14.1	
716.114	46.45	
716.305	55.06	
716.496	-17.85	
716.688	47.68	
716.879	-14.17	
717.07	86.59	
717.261	64.48	
717.452	22.7	
717.643	22.7	
717.834	34.99	
718.025	14.1	
718.216	44	
718.407	30.07	
718.598	3.04	
718.789	9.18	
718.98	8.77	
719.171	15.74	
719.362	47.27	
719.553	70.62	
719.744	19.01	
719.935	23.11	
720.126	34.17	
720.317	67.75	
720.508	-6.38	
720.699	17.78	
720.889	19.83	
721.08	31.71	
721.271	43.59	
721.462	7.54	
721.653	43.18	
721.843	39.49	
722.034	16.96	
722.225	26.38	
722.416	-35.87	
722.606	50.55	
722.797	96.02	
722.988	59.97	
723.178	0.58	
723.369	37.44	
723.56	5.09	
723.75	-3.52	
723.941	66.12	
724.132	-23.59	
724.322	82.09	
724.513	14.1	
724.703	56.29	
724.894	-1.06	
725.084	12.05	
725.275	32.12	
725.465	45.23	
725.656	20.65	
725.846	4.68	
726.037	-17.85	
726.227	17.37	
726.417	47.27	
726.608	17.78	
726.798	12.05	
726.989	1.81	
727.179	63.66	
727.369	12.05	
727.56	44.82	
727.75	5.9	
727.94	28.43	
728.131	16.96	
728.321	-29.32	
728.511	33.76	
728.701	28.02	
728.892	9.59	
729.082	-1.06	
729.272	39.08	
729.462	19.42	
729.652	36.62	
729.842	14.51	
730.033	13.28	
730.223	25.16	
730.413	46.86	
730.603	7.13	
730.793	3.86	
730.983	-20.72	
731.173	12.05	
731.363	73.9	
731.553	56.29	
731.743	40.31	
731.933	29.25	
732.123	39.9	
732.313	29.66	
732.503	15.74	
732.693	48.09	
732.883	44.41	
733.073	27.2	
733.263	50.96	
733.452	21.47	
733.642	-9.66	
733.832	-3.93	
734.022	31.71	
734.212	-12.12	
734.402	1.81	
734.591	32.94	
734.781	22.7	
734.971	-4.74	
735.161	-28.09	
735.35	46.05	
735.54	30.48	
735.73	-9.25	
735.919	-15.8	
736.109	-24.81	
736.299	23.52	
736.488	67.34	
736.678	-31.78	
736.867	-0.24	
737.057	21.88	
737.247	23.52	
737.436	-17.03	
737.626	12.87	
737.815	67.34	
738.005	-32.19	
738.194	19.83	
738.384	1.81	
738.573	-17.03	
738.763	3.86	
738.952	-18.67	
739.141	25.98	
739.331	4.27	
739.52	4.68	
739.71	30.48	
739.899	-4.74	
740.088	49.32	
740.278	-1.06	
740.467	42.36	
740.656	48.91	
740.846	-13.35	
741.035	4.27	
741.224	-22.77	
741.413	18.6	
741.603	19.42	
741.792	-17.44	
741.981	-47.34	
742.17	-0.24	
742.359	-5.15	
742.548	34.17	
742.738	14.1	
742.927	31.71	
743.116	43.59	
743.305	40.31	
743.494	78.81	
743.683	24.34	
743.872	-21.54	
744.061	-0.65	
744.25	-1.47	
744.439	34.17	
744.628	-18.67	
744.817	48.09	
745.006	38.26	
745.195	-11.3	
745.384	49.32	
745.573	19.42	
745.762	-8.02	
745.951	-2.7	
746.139	16.96	
746.328	-10.48	
746.517	5.9	
746.706	-34.24	
746.895	4.68	
747.084	-16.62	
747.272	16.14	
747.461	9.18	
747.65	-17.85	
747.839	-0.24	
748.027	14.92	
748.216	59.15	
748.405	43.18	
748.593	-43.25	
748.782	0.17	
748.971	8.77	
749.159	14.92	
749.348	-10.89	
749.536	9.59	
749.725	17.78	
749.914	13.28	
750.102	10.82	
750.291	10	
750.479	12.05	
750.668	60.38	
750.856	21.88	
751.045	21.47	
751.233	38.67	
751.421	-2.7	
751.61	23.11	
751.798	43.59	
751.987	29.25	
752.175	25.16	
752.363	33.76	
752.552	3.86	
752.74	-12.12	
752.928	34.58	
753.117	-12.94	
753.305	-22.36	
753.493	0.58	
753.682	21.06	
753.87	-26.45	
754.058	62.02	
754.246	4.68	
754.434	16.96	
754.623	-22.77	
754.811	5.9	
754.999	22.29	
755.187	17.78	
755.375	-35.05	
755.563	21.88	
755.751	12.46	
755.94	-29.73	
756.128	5.5	
756.316	-6.38	
756.504	31.71	
756.692	0.99	
756.88	46.45	
757.068	23.52	
757.256	-13.76	
757.444	-1.88	
757.632	17.37	
757.819	9.59	
758.007	-2.29	
758.195	-20.72	
758.383	4.27	
758.571	-44.07	
758.759	-10.89	
758.947	5.09	
759.135	-28.09	
759.322	-19.49	
759.51	-12.12	
759.698	-37.92	
759.886	23.11	
760.073	-1.88	
760.261	7.54	
760.449	-6.38	
760.637	14.92	
760.824	-2.7	
761.012	10.41	
761.2	23.93	
761.387	25.57	
761.575	10.82	
761.762	21.47	
761.95	-3.11	
762.138	-5.15	
762.325	-5.97	
762.513	21.88	
762.7	16.14	
762.888	28.43	
763.075	4.27	
763.263	21.47	
763.45	19.42	
763.638	-2.29	
763.825	69.39	
764.012	21.06	
764.2	4.68	
764.387	-8.43	
764.575	-3.52	
764.762	8.77	
764.949	-30.55	
765.137	23.93	
765.324	33.35	
765.511	28.02	
765.699	-21.13	
765.886	3.45	
766.073	-3.93	
766.26	-7.61	
766.448	27.2	
766.635	-53.49	
766.822	5.9	
767.009	5.9	
767.196	-16.21	
767.383	10.41	
767.571	4.68	
767.758	-9.25	
767.945	44	
768.132	-33.83	
768.319	8.77	
768.506	18.6	
768.693	-9.25	
768.88	6.31	
769.067	39.49	
769.254	6.31	
769.441	34.58	
769.628	14.1	
769.815	-20.31	
770.002	44.41	
770.189	19.01	
770.376	2.63	
770.563	-38.33	
770.75	32.53	
770.936	18.19	
771.123	8.77	
771.31	35.4	
771.497	19.01	
771.684	-5.15	
771.87	9.18	
772.057	-15.8	
772.244	9.59	
772.431	-24.81	
772.617	8.77	
772.804	-64.14	
772.991	-8.84	
773.177	-10.07	
773.364	-17.85	
773.551	-26.45	
773.737	-12.94	
773.924	7.13	
774.111	36.21	
774.297	47.27	
774.484	-4.33	
774.67	-62.09	
774.857	-21.13	
775.043	3.04	
775.23	-1.88	
775.416	33.35	
775.603	-5.97	
775.789	-6.38	
775.976	3.86	
776.162	-3.93	
776.349	-39.15	
776.535	6.72	
776.721	11.64	
776.908	-11.3	
777.094	14.51	
777.28	-28.91	
777.467	8.36	
777.653	-13.76	
777.839	-14.98	
778.025	-5.56	
778.212	-34.24	
778.398	5.9	
778.584	11.64	
778.77	24.75	
778.957	11.64	
779.143	6.31	
779.329	-22.36	
779.515	19.01	
779.701	2.63	
779.887	-31.78	
780.073	12.87	
780.26	-15.39	
780.446	0.17	
780.632	-25.63	
780.818	30.07	
781.004	2.22	
781.19	-43.25	
781.376	-1.47	
781.562	-9.66	
781.748	7.13	
781.934	-23.59	
782.12	-5.15	
782.305	14.1	
782.491	30.89	
782.677	-25.22	
782.863	9.59	
783.049	-34.24	
783.235	-52.26	
783.421	-18.67	
783.606	-26.45	
783.792	-12.94	
783.978	27.61	
784.164	9.59	
784.349	-12.12	
784.535	-18.67	
784.721	-30.96	
784.907	-27.27	
785.092	4.27	
785.278	34.17	
785.464	-7.2	
785.649	11.23	
785.835	-36.69	
786.02	-41.61	
786.206	3.45	
786.392	-14.98	
786.577	20.24	
786.763	-38.74	
786.948	38.67	
787.134	15.74	
787.319	-20.72	
787.505	-3.52	
787.69	-11.3	
787.876	7.54	
788.061	0.58	
788.246	10.82	
788.432	-29.32	
788.617	-32.19	
788.803	-5.15	
788.988	46.86	
789.173	-10.89	
789.359	-30.55	
789.544	11.64	
789.729	-12.94	
789.915	-25.63	
790.1	-26.45	
790.285	-10.48	
790.47	16.14	
790.655	7.95	
790.841	-4.74	
791.026	-23.18	
791.211	24.75	
791.396	12.87	
791.581	-8.02	
791.766	18.6	
791.952	-16.62	
792.137	-14.57	
792.322	-11.3	
792.507	-11.71	
792.692	16.96	
792.877	-7.2	
793.062	17.78	
793.247	-7.61	
793.432	-59.22	
793.617	-14.17	
793.802	-19.08	
793.987	-38.33	
794.172	-31.37	
794.356	-21.13	
794.541	30.07	
794.726	7.95	
794.911	17.37	
795.096	-17.85	
795.281	-8.02	
795.466	-33.01	
795.65	-23.18	
795.835	-60.86	
796.02	21.88	
796.205	10	
796.389	45.23	
796.574	-4.74	
796.759	-12.12	
796.943	-33.83	
797.128	23.11	
797.313	28.43	
797.497	9.18	
797.682	-47.75	
797.867	18.19	
798.051	-46.93	
798.236	2.63	
798.42	-28.09	
798.605	-26.86	
798.789	-19.9	
798.974	-33.01	
799.158	-5.15	
799.343	13.28	
799.527	5.5	
799.712	-19.49	
799.896	-24.4	
800.081	-25.22	
800.265	10	
800.449	-3.52	
800.634	-64.95	
800.818	13.69	
801.002	16.96	
801.187	-44.88	
801.371	42.77	
801.555	-12.12	
801.74	-2.29	
801.924	-16.62	
802.108	-12.94	
802.292	12.05	
802.477	16.96	
802.661	14.1	
802.845	-4.33	
803.029	2.63	
803.213	51.37	
803.397	-9.25	
803.581	56.29	
803.766	3.04	
803.95	10.82	
804.134	-3.93	
804.318	-34.24	
804.502	-42.84	
804.686	-7.2	
804.87	11.64	
805.054	46.05	
805.238	16.14	
805.422	13.69	
805.606	-15.8	
805.79	-27.27	
805.973	-6.38	
806.157	3.04	
806.341	-25.22	
806.525	23.11	
806.709	-4.74	
806.893	-12.12	
807.077	12.87	
807.26	31.71	
807.444	35.4	
807.628	-1.47	
807.812	-25.22	
807.995	-26.86	
808.179	-17.85	
808.363	-1.47	
808.546	-51.44	
808.73	2.63	
808.914	-29.32	
809.097	-40.38	
809.281	5.5	
809.465	-34.64	
809.648	7.13	
809.832	-49.39	
810.015	-38.74	
810.199	-20.72	
810.382	38.26	
810.566	-4.74	
810.749	5.09	
810.933	3.04	
811.116	10.41	
811.3	-25.63	
811.483	-28.5	
811.667	-33.42	
811.85	-27.27	
812.034	-6.38	
812.217	-4.74	
812.4	-37.51	
812.584	-13.76	
812.767	-26.04	
812.95	10.41	
813.133	7.54	
813.317	6.72	
813.5	9.59	
813.683	-18.67	
813.866	16.14	
814.05	-1.47	
814.233	-1.47	
814.416	-8.43	
814.599	-20.72	
814.782	-25.63	
814.965	-36.28	
815.149	15.74	
815.332	-38.33	
815.515	-28.91	
815.698	-16.62	
815.881	-6.79	
816.064	-14.57	
816.247	-26.04	
816.43	-45.29	
816.613	-48.57	
816.796	22.7	
816.979	-1.06	
817.162	17.37	
817.345	-8.84	
817.528	22.29	
817.711	22.29	
817.893	0.58	
818.076	-4.74	
818.259	-14.98	
818.442	-26.04	
818.625	-7.61	
818.808	14.1	
818.99	20.65	
819.173	17.37	
819.356	-5.56	
819.539	3.86	
819.721	20.65	
819.904	-12.53	
820.087	22.7	
820.269	-9.66	
820.452	0.99	
820.635	27.61	
820.817	-13.76	
821	-67.41	
821.182	-1.47	
821.365	-52.26	
821.548	6.31	
821.73	-3.52	
821.913	-14.57	
822.095	-34.64	
822.278	-7.61	
822.46	5.09	
822.642	-4.33	
822.825	-11.3	
823.007	-40.38	
823.19	-4.74	
823.372	23.11	
823.555	6.31	
823.737	11.23	
823.919	-27.27	
824.102	-18.67	
824.284	-27.68	
824.466	-27.68	
824.648	-17.85	
824.831	-43.25	
825.013	21.06	
825.195	-51.85	
825.377	-7.2	
825.56	5.5	
825.742	-31.78	
825.924	-8.02	
826.106	-49.8	
826.288	37.85	
826.47	6.72	
826.652	-21.54	
826.835	23.93	
827.017	-51.85	
827.199	-16.62	
827.381	45.23	
827.563	3.86	
827.745	11.23	
827.927	-45.7	
828.109	7.95	
828.291	-26.04	
828.473	-20.72	
828.655	-14.98	
828.836	-53.49	
829.018	-6.79	
829.2	26.38	
829.382	0.17	
829.564	27.2	
829.746	-13.35	
829.928	-12.94	
830.109	-11.71	
830.291	-17.85	
830.473	-39.56	
830.655	-29.73	
830.836	-5.97	
831.018	-41.2	
831.2	5.5	
831.382	-2.7	
831.563	-33.42	
831.745	-14.98	
831.926	4.68	
832.108	12.87	
832.29	2.63	
832.471	3.45	
832.653	33.35	
832.834	-1.06	
833.016	-23.18	
833.197	-27.68	
833.379	-30.96	
833.56	-27.27	
833.742	-42.43	
833.923	-52.67	
834.105	-12.53	
834.286	14.92	
834.468	-27.68	
834.649	0.58	
834.83	16.14	
835.012	-43.25	
835.193	-27.27	
835.374	5.09	
835.556	-8.02	
835.737	-22.77	
835.918	30.89	
836.1	-1.06	
836.281	5.9	
836.462	3.86	
836.643	-41.2	
836.824	-10.48	
837.006	33.35	
837.187	-3.52	
837.368	16.14	
837.549	9.59	
837.73	9.59	
837.911	-13.35	
838.092	32.53	
838.273	14.51	
838.455	23.11	
838.636	4.27	
838.817	-18.67	
838.998	3.45	
839.179	10.41	
839.36	-41.2	
839.54	-39.97	
839.721	-35.87	
839.902	-33.83	
840.083	51.78	
840.264	28.84	
840.445	5.5	
840.626	-12.94	
840.807	-5.97	
840.988	16.55	
841.168	-30.55	
841.349	-8.84	
841.53	19.83	
841.711	-30.14	
841.891	50.14	
842.072	22.7	
842.253	-27.68	
842.434	2.63	
842.614	28.84	
842.795	-17.85	
842.976	-28.09	
843.156	-11.3	
843.337	37.85	
843.517	-27.27	
843.698	6.31	
843.878	20.24	
844.059	-12.53	
844.24	-8.02	
844.42	-2.29	
844.601	-18.26	
844.781	4.27	
844.962	-19.9	
845.142	-35.05	
845.322	-76.42	
845.503	15.33	
845.683	-4.74	
845.864	25.16	
846.044	-15.8	
846.224	-30.96	
846.405	12.87	
846.585	-14.17	
846.765	-11.71	
846.946	-2.29	
847.126	53.01	
847.306	-20.31	
847.486	-9.66	
847.667	1.81	
847.847	-8.84	
848.027	1.4	
848.207	-1.06	
848.387	-19.49	
848.567	-22.36	
848.747	7.13	
848.928	5.5	
849.108	-49.8	
849.288	-1.88	
849.468	7.95	
849.648	-8.84	
849.828	-38.74	
850.008	-6.38	
850.188	25.98	
850.368	3.45	
850.548	-12.94	
850.728	-3.52	
850.908	-11.71	
851.088	-42.43	
851.267	14.51	
851.447	-5.56	
851.627	-47.34	
851.807	21.88	
851.987	-58.4	
852.167	-16.21	
852.346	12.46	
852.526	-39.56	
852.706	5.5	
852.886	32.53	
853.065	-14.17	
853.245	-36.28	
853.425	-66.59	
853.605	36.21	
853.784	5.9	
853.964	-49.39	
854.143	-35.05	
854.323	-19.49	
854.503	-3.52	
854.682	-18.67	
854.862	4.27	
855.041	-21.95	
855.221	10.41	
855.4	-7.2	
855.58	-20.72	
855.759	6.72	
855.939	-39.56	
856.118	-73.15	
856.298	-47.34	
856.477	-8.02	
856.657	-35.05	
856.836	-67	
857.015	-16.62	
857.195	-12.12	
857.374	-13.76	
857.553	-3.52	
857.733	-18.26	
857.912	-59.22	
858.091	-11.3	
858.27	-52.26	
858.45	-37.1	
858.629	2.63	
858.808	-7.2	
858.987	-14.57	
859.166	-12.12	
859.345	-26.86	
859.525	-14.17	
859.704	-28.91	
859.883	7.54	
860.062	-19.9	
860.241	-41.61	
860.42	-30.14	
860.599	-8.84	
860.778	5.5	
860.957	-31.78	
861.136	-24.81	
861.315	14.1	
861.494	-26.04	
861.673	-30.14	
861.852	-44.07	
862.031	28.43	
862.21	13.28	
862.388	-4.74	
862.567	-22.36	
862.746	6.72	
862.925	-9.25	
863.104	-26.04	
863.283	34.58	
863.461	-46.52	
863.64	-23.59	
863.819	-37.1	
863.997	39.9	
864.176	-34.64	
864.355	-10.89	
864.534	-58.81	
864.712	-28.09	
864.891	8.77	
865.069	5.9	
865.248	-6.38	
865.427	70.21	
865.605	-10.48	
865.784	-12.12	
865.962	19.83	
866.141	-21.13	
866.319	-60.04	
866.498	-20.72	
866.676	-48.57	
866.855	-13.35	
867.033	-12.94	
867.212	-0.24	
867.39	-27.27	
867.568	10.41	
867.747	48.09	
867.925	-5.15	
868.103	7.13	
868.282	10	
868.46	-23.18	
868.638	0.58	
868.817	16.55	
868.995	-11.71	
869.173	17.37	
869.351	-53.08	
869.529	-36.28	
869.708	-3.93	
869.886	-1.47	
870.064	-24	
870.242	-1.06	
870.42	5.9	
870.598	-35.46	
870.776	4.27	
870.954	10	
871.133	-21.95	
871.311	-28.91	
871.489	2.63	
871.667	-4.74	
871.845	-40.79	
872.023	-3.52	
872.2	-1.47	
872.378	-42.43	
872.556	-36.28	
872.734	25.57	
872.912	-13.35	
873.09	-29.32	
873.268	-19.08	
873.446	-18.67	
873.623	-27.68	
873.801	-22.36	
873.979	-32.19	
874.157	-31.37	
874.335	3.86	
874.512	14.51	
874.69	2.63	
874.868	-57.17	
875.045	-25.63	
875.223	-5.56	
875.401	-12.94	
875.578	-3.11	
875.756	12.05	
875.934	-5.15	
876.111	-37.92	
876.289	-9.66	
876.466	-5.97	
876.644	-26.45	
876.821	-1.47	
876.999	10	
877.176	-20.72	
877.354	-25.22	
877.531	-11.71	
877.709	-34.64	
877.886	19.01	
878.063	12.05	
878.241	-21.54	
878.418	-36.28	
878.596	-17.03	
878.773	10.82	
878.95	-8.84	
879.127	35.4	
879.305	-2.7	
879.482	-20.31	
879.659	-45.29	
879.836	-19.08	
880.014	-45.7	
880.191	-37.51	
880.368	-7.2	
880.545	-34.24	
880.722	16.96	
880.9	-19.49	
881.077	53.01	
881.254	-0.65	
881.431	-13.76	
881.608	21.88	
881.785	-28.5	
881.962	7.13	
882.139	-3.52	
882.316	52.19	
882.493	-12.12	
882.67	-4.74	
882.847	-5.97	
883.024	6.31	
883.201	-45.7	
883.378	-21.13	
883.554	-6.38	
883.731	-51.03	
883.908	-28.09	
884.085	12.87	
884.262	-21.54	
884.439	-5.97	
884.615	-12.12	
884.792	14.1	
884.969	7.13	
885.146	-19.49	
885.322	-19.08	
885.499	-5.15	
885.676	-21.95	
885.852	-17.85	
886.029	-46.11	
886.205	-31.37	
886.382	2.22	
886.559	102.16	
886.735	-19.08	
886.912	25.16	
887.088	4.68	
887.265	-5.15	
887.441	-40.79	
887.618	-1.06	
887.794	1.81	
887.971	-11.3	
888.147	11.23	
888.324	-1.47	
888.5	-6.38	
888.676	-0.65	
888.853	-3.52	
889.029	-11.3	
889.205	10.41	
889.382	3.45	
889.558	3.45	
889.734	23.11	
889.911	49.73	
890.087	-8.84	
890.263	13.28	
890.439	-71.1	
890.616	-10.07	
890.792	-25.22	
890.968	-55.94	
891.144	-21.13	
891.32	-24.4	
891.496	-9.66	
891.672	17.37	
891.848	-24	
892.025	6.31	
892.201	-29.32	
892.377	-13.76	
892.553	-37.51	
892.729	-54.71	
892.905	-22.36	
893.081	2.63	
893.256	-16.62	
893.432	-10.89	
893.608	-0.65	
893.784	12.05	
893.96	-8.02	
894.136	-4.33	
894.312	19.42	
894.488	25.98	
894.663	-33.83	
894.839	-31.37	
895.015	24.75	
895.191	13.28	
895.366	-32.6	
895.542	-16.21	
895.718	-30.96	
895.894	-26.04	
896.069	-6.79	
896.245	-8.02	
896.421	-24.4	
896.596	4.68	
896.772	-14.17	
896.947	-3.11	
897.123	31.3	
897.298	-36.69	
897.474	-0.24	
897.649	19.42	
897.825	-37.51	
898	-35.05	
898.176	-29.73	
898.351	5.9	
898.527	-55.53	
898.702	-3.52	
898.878	14.51	
899.053	-29.32	
899.228	-44.07	
899.404	13.69	
899.579	7.95	
899.754	-23.18	
899.93	-8.84	
900.105	-7.2	
900.28	-44.07	
900.455	-36.69	
900.631	-52.67	
900.806	-27.68	
900.981	6.31	
901.156	14.92	
901.331	-45.7	
901.507	-55.12	
901.682	2.63	
901.857	35.81	
902.032	3.45	
902.207	-34.24	
902.382	6.72	
902.557	52.19	
902.732	-21.95	
902.907	0.58	
903.082	-11.71	
903.257	2.22	
903.432	6.31	
903.607	-29.32	
903.782	27.61	
903.957	-10.07	
904.132	-1.06	
904.306	-24.81	
904.481	14.92	
904.656	-23.59	
904.831	-9.66	
905.006	21.47	
905.181	-18.26	
905.355	9.18	
905.53	-20.31	
905.705	-3.11	
905.879	16.55	
906.054	-19.49	
906.229	18.6	
906.404	4.68	
906.578	-3.11	
906.753	-10.48	
906.927	1.81	
907.102	-1.47	
907.277	7.13	
907.451	-22.77	
907.626	5.9	
907.8	11.64	
907.975	-24.4	
908.149	-26.04	
908.324	7.95	
908.498	56.69	
908.673	-45.29	
908.847	-12.12	
909.021	-58.4	
909.196	11.23	
909.37	-35.05	
909.544	6.31	
909.719	-28.09	
909.893	-25.63	
910.067	-13.76	
910.242	-6.38	
910.416	8.77	
910.59	-12.53	
910.764	23.93	
910.939	-2.29	
911.113	-52.67	
911.287	39.49	
911.461	21.47	
911.635	-0.24	
911.809	-17.44	
911.984	-1.88	
912.158	-12.12	
912.332	14.1	
912.506	-24	
912.68	4.68	
912.854	41.54	
913.028	5.5	
913.202	-39.15	
913.376	-10.89	
913.55	-6.79	
913.724	12.46	
913.898	-11.71	
914.071	-14.98	
914.245	12.87	
914.419	0.99	
914.593	-11.71	
914.767	-42.02	
914.941	41.13	
915.115	4.27	
915.288	-0.24	
915.462	-28.5	
915.636	-35.05	
915.81	-12.12	
915.983	10	
916.157	-21.13	
916.331	-44.07	
916.504	-34.24	
916.678	14.92	
916.852	-47.34	
917.025	-43.25	
917.199	18.6	
917.372	10.82	
917.546	-19.08	
917.719	0.17	
917.893	10.82	
918.066	-40.38	
918.24	-25.22	
918.413	-27.27	
918.587	40.72	
918.76	-17.85	
918.934	-73.15	
919.107	-18.26	
919.28	-3.52	
919.454	2.63	
919.627	-19.49	
919.8	-22.36	
919.974	20.65	
920.147	-23.59	
920.32	37.03	
920.494	-30.55	
920.667	-24	
920.84	-3.52	
921.013	-21.54	
921.186	-39.15	
921.36	-16.62	
921.533	-5.56	
921.706	-17.85	
921.879	26.38	
922.052	-19.9	
922.225	-55.53	
922.398	-18.67	
922.571	-25.63	
922.744	-24	
922.917	-16.21	
923.09	-13.76	
923.263	-16.62	
923.436	-7.2	
923.609	11.64	
923.782	-18.26	
923.955	-30.96	
924.128	-55.12	
924.301	-16.21	
924.474	-12.53	
924.647	10	
924.819	19.01	
924.992	-12.94	
925.165	12.05	
925.338	-56.76	
925.511	-67.82	
925.683	-59.22	
925.856	-67.82	
926.029	-6.79	
926.201	-16.62	
926.374	0.17	
926.547	28.43	
926.719	-33.83	
926.892	-7.2	
927.065	-32.6	
927.237	-24	
927.41	-9.66	
927.582	-36.28	
927.755	-6.38	
927.927	-23.18	
928.1	-37.92	
928.272	-35.05	
928.445	-20.31	
928.617	-22.36	
928.79	-18.67	
928.962	-5.97	
929.134	12.46	
929.307	17.37	
929.479	5.9	
929.651	-33.42	
929.824	7.13	
929.996	-17.44	
930.168	-14.57	
930.341	1.4	
930.513	-24	
930.685	-6.38	
930.857	25.98	
931.029	-17.44	
931.202	-9.66	
931.374	25.16	
931.546	16.55	
931.718	-3.11	
931.89	-1.88	
932.062	-42.84	
932.234	-1.06	
932.406	-21.95	
932.578	14.51	
932.75	-5.97	
932.922	-10.89	
933.094	7.54	
933.266	-25.22	
933.438	14.1	
933.61	-12.12	
933.782	14.51	
933.954	-30.14	
934.126	15.33	
934.298	-36.28	
934.47	-4.33	
934.641	-1.88	
934.813	0.99	
934.985	15.74	
935.157	-23.59	
935.329	-30.55	
935.5	18.19	
935.672	-26.86	
935.844	-14.98	
936.015	-16.21	
936.187	-44.88	
936.359	-16.21	
936.53	-19.49	
936.702	-35.46	
936.874	-4.33	
937.045	-6.79	
937.217	-0.24	
937.388	-1.47	
937.56	3.04	
937.731	-11.71	
937.903	-7.61	
938.074	-35.05	
938.246	-14.17	
938.417	-18.67	
938.588	24.75	
938.76	-19.08	
938.931	-76.01	
939.103	-22.36	
939.274	-17.44	
939.445	-18.67	
939.617	-46.11	
939.788	21.47	
939.959	46.05	
940.13	3.04	
940.302	-1.88	
940.473	4.27	
940.644	20.65	
940.815	12.87	
940.987	-44.88	
941.158	8.77	
941.329	5.5	
941.5	-17.85	
941.671	-46.52	
941.842	-1.06	
942.013	-16.21	
942.184	-2.7	
942.355	-11.3	
942.526	-9.25	
942.697	-11.71	
942.868	10.82	
943.039	-19.49	
943.21	49.32	
943.381	-25.22	
943.552	-29.32	
943.723	-8.43	
943.894	-12.53	
944.065	5.5	
944.235	-41.61	
944.406	-3.93	
944.577	-26.04	
944.748	21.06	
944.919	-13.76	
945.089	13.69	
945.26	-58.4	
945.431	-55.94	
945.601	6.31	
945.772	4.68	
945.943	-10.07	
946.113	-28.5	
946.284	-45.7	
946.455	-64.55	
946.625	-9.25	
946.796	1.81	
946.966	-14.17	
947.137	-8.43	
947.307	-10.89	
947.478	-5.56	
947.648	57.1	
947.819	30.07	
947.989	-33.01	
948.16	16.14	
948.33	-30.14	
948.5	7.13	
948.671	-9.25	
948.841	30.48	
949.012	7.95	
949.182	-14.57	
949.352	27.61	
949.522	-51.85	
949.693	27.61	
949.863	14.1	
950.033	24.75	
950.203	-41.2	
950.374	11.23	
950.544	-7.61	
950.714	12.87	
950.884	-37.92	
951.054	-8.02	
951.224	0.17	
951.394	-13.76	
951.564	50.14	
951.735	-11.3	
951.905	5.09	
952.075	-42.43	
952.245	-0.65	
952.415	8.36	
952.585	-49.39	
952.754	19.42	
952.924	-48.16	
953.094	-10.48	
953.264	-0.65	
953.434	-47.75	
953.604	-16.62	
953.774	10.41	
953.944	-17.85	
954.113	3.45	
954.283	-12.12	
954.453	-0.65	
954.623	-19.49	
954.792	-21.95	
954.962	24.34	
955.132	3.45	
955.302	-12.12	
955.471	-20.72	
955.641	-51.85	
955.81	5.5	
955.98	-6.38	
956.15	-29.32	
956.319	-3.93	
956.489	-21.95	
956.658	-6.38	
956.828	-20.72	
956.997	10.41	
957.167	-13.76	
957.336	-10.89	
957.506	9.59	
957.675	-17.03	
957.845	8.77	
958.014	0.99	
958.183	-29.73	
958.353	-39.97	
958.522	9.59	
958.691	-5.97	
958.861	-1.88	
959.03	-31.78	
959.199	2.63	
959.368	-7.61	
959.538	9.59	
959.707	-9.66	
959.876	-19.08	
960.045	-19.49	
960.214	-8.02	
960.383	-7.2	
960.553	-7.61	
960.722	-3.11	
960.891	-19.08	
961.06	-5.56	
961.229	-3.11	
961.398	7.95	
961.567	7.54	
961.736	5.09	
961.905	-17.03	
962.074	-60.86	
962.243	15.74	
962.412	-17.44	
962.581	-36.69	
962.75	-7.61	
962.918	-38.74	
963.087	-77.24	
963.256	-58.81	
963.425	7.54	
963.594	-6.79	
963.763	-33.01	
963.931	-23.59	
964.1	17.78	
964.269	-3.11	
964.437	-53.49	
964.606	61.61	
964.775	14.1	
964.943	-24.81	
965.112	14.92	
965.281	-1.47	
965.449	6.72	
965.618	-7.61	
965.786	-24.4	
965.955	-29.32	
966.124	-46.52	
966.292	-32.6	
966.461	-12.12	
966.629	-42.02	
966.797	-31.78	
966.966	5.9	
967.134	9.18	
967.303	-8.43	
967.471	-9.66	
967.639	-56.35	
967.808	-48.16	
967.976	-43.66	
968.144	-12.53	
968.313	-37.1	
968.481	-20.31	
968.649	0.17	
968.817	0.99	
968.986	50.14	
969.154	-14.98	
969.322	-62.09	
969.49	12.87	
969.658	-26.04	
969.827	-9.25	
969.995	10	
970.163	31.71	
970.331	17.78	
970.499	10.82	
970.667	-28.5	
970.835	-7.61	
971.003	-74.38	
971.171	35.4	
971.339	1.4	
971.507	-48.16	
971.675	21.06	
971.843	-17.03	
972.011	-21.13	
972.178	9.59	
972.346	-1.06	
972.514	24.34	
972.682	-1.06	
972.85	-35.46	
973.018	-29.32	
973.185	-14.17	
973.353	-21.13	
973.521	-30.55	
973.689	-4.74	
973.856	-21.54	
974.024	-46.11	
974.192	-17.03	
974.359	-19.9	
974.527	-0.65	
974.694	16.14	
974.862	3.04	
975.03	6.72	
975.197	-69.05	
975.365	27.2	
975.532	15.74	
975.7	-21.54	
975.867	12.46	
976.035	-35.87	
976.202	-37.1	
976.369	37.85	
976.537	-24	
976.704	14.51	
976.872	19.42	
977.039	-31.78	
977.206	30.48	
977.374	-12.12	
977.541	-17.85	
977.708	-1.06	
977.875	-19.08	
978.043	-18.67	
978.21	5.5	
978.377	-41.61	
978.544	-22.77	
978.711	-48.16	
978.879	-60.04	
979.046	3.04	
979.213	7.95	
979.38	-40.79	
979.547	5.9	
979.714	-5.15	
979.881	-25.63	
980.048	-48.57	
980.215	52.6	
980.382	1.4	
980.549	-19.9	
980.716	0.99	
980.883	-40.79	
981.05	-11.71	
981.217	1.4	
981.384	7.95	
981.55	-9.25	
981.717	-6.79	
981.884	-26.04	
982.051	31.71	
982.218	9.59	
982.384	5.5	
982.551	-42.02	
982.718	-36.69	
982.885	5.09	
983.051	-11.3	
983.218	-10.48	
983.385	-37.1	
983.551	-11.71	
983.718	27.61	
983.885	0.99	
984.051	13.69	
984.218	-24.81	
984.384	-19.08	
984.551	23.93	
984.717	-55.53	
984.884	16.96	
985.05	-55.12	
985.217	-0.65	
985.383	-35.05	
985.55	-37.92	
985.716	-19.9	
985.882	1.4	
986.049	-8.02	
986.215	24.34	
986.381	-27.68	
986.548	-68.23	
986.714	-26.86	
986.88	18.19	
987.046	-37.1	
987.213	-42.43	
987.379	14.92	
987.545	-31.78	
987.711	15.74	
987.877	25.16	
988.044	-21.95	
988.21	-1.47	
988.376	-5.97	
988.542	-2.29	
988.708	-6.79	
988.874	-0.65	
989.04	-19.49	
989.206	-51.03	
989.372	15.33	
989.538	-23.18	
989.704	-6.38	
989.87	9.59	
990.036	-16.62	
990.202	-25.63	
990.368	-14.98	
990.534	-21.13	
990.699	-33.01	
990.865	20.24	
991.031	-7.2	
991.197	-6.79	
991.363	-12.53	
991.528	-8.02	
991.694	-55.12	
991.86	-36.28	
992.025	-14.17	
992.191	-19.9	
992.357	-75.19	
992.522	-35.87	
992.688	-1.88	
992.854	-9.66	
993.019	-38.74	
993.185	-24	
993.35	20.65	
993.516	-60.86	
993.681	-41.61	
993.847	-1.47	
994.012	-42.43	
994.178	-35.46	
994.343	14.1	
994.509	44.41	
994.674	12.87	
994.84	35.4	
995.005	28.43	
995.17	3.86	
995.336	-21.54	
995.501	-5.56	
995.666	25.57	
995.831	-19.9	
995.997	-32.19	
996.162	-12.94	
996.327	35.4	
996.492	-70.28	
996.658	-1.06	
996.823	-8.02	
996.988	-34.24	
997.153	-8.84	
997.318	-35.87	
997.483	-33.42	
997.648	1.4	
997.813	-29.32	
997.978	-7.61	
998.143	-50.21	
998.308	10	
998.473	16.14	
998.638	20.65	
998.803	-37.92	
998.968	0.99	
999.133	-4.74	
999.298	7.13	
999.463	-10.07	
999.628	-12.12	
999.793	23.11	
999.957	-6.38	
1000.122	-19.08	
1000.287	-46.93	
1000.452	9.18	
1000.616	-20.31	
1000.781	-29.73	
1000.946	-1.47	
1001.111	0.99	
1001.275	3.86	
1001.44	-31.78	
1001.604	-23.18	
1001.769	-35.46	
1001.934	-47.75	
1002.098	-14.98	
1002.263	-31.78	
1002.427	39.08	
1002.592	-12.12	
1002.756	-32.19	
1002.921	-32.6	
1003.085	25.98	
1003.25	14.1	
1003.414	-19.49	
1003.579	11.64	
1003.743	-33.42	
1003.907	-42.02	
1004.072	-53.08	
1004.236	-18.26	
1004.4	-10.07	
1004.565	14.1	
1004.729	18.6	
1004.893	-38.74	
1005.057	-31.78	
1005.222	-27.68	
1005.386	-18.67	
1005.55	24.75	
1005.714	22.29	
1005.878	41.95	
1006.042	-29.32	
1006.206	-16.21	
1006.371	-3.52	
1006.535	28.02	
1006.699	9.18	
1006.863	-25.63	
1007.027	-47.75	
1007.191	16.55	
1007.355	-43.66	
1007.519	-6.79	
1007.683	12.46	
1007.847	-13.76	
1008.01	-8.84	
1008.174	-26.86	
1008.338	-9.66	
1008.502	16.55	
1008.666	-33.01	
1008.83	-17.44	
1008.993	-4.74	
1009.157	-14.57	
1009.321	-4.74	
1009.485	2.22	
1009.648	-13.76	
1009.812	-42.02	
1009.976	-4.33	
1010.139	-30.14	
1010.303	11.64	
1010.467	12.05	
1010.63	-30.14	
1010.794	-31.78	
1010.957	-13.76	
1011.121	-14.98	
1011.285	-20.31	
1011.448	-5.15	
1011.612	-8.02	
1011.775	22.7	
1011.938	8.36	
1012.102	-18.26	
1012.265	-8.02	
1012.429	-36.69	
1012.592	-19.49	
1012.755	37.03	
1012.919	-13.76	
1013.082	-2.7	
1013.245	-42.02	
1013.409	-56.76	
1013.572	-41.61	
1013.735	0.58	
1013.898	-12.94	
1014.062	-10.07	
1014.225	3.45	
1014.388	47.68	
1014.551	-15.8	
1014.714	0.17	
1014.877	1.81	
1015.041	4.68	
1015.204	-29.73	
1015.367	20.65	
1015.53	22.29	
1015.693	-10.89	
1015.856	15.74	
1016.019	-57.17	
1016.182	-3.52	
1016.345	-48.98	
1016.508	-7.61	
1016.67	14.1	
1016.833	-22.36	
1016.996	17.37	
1017.159	-8.02	
1017.322	13.28	
1017.485	25.57	
1017.648	-25.22	
1017.81	20.24	
1017.973	29.25	
1018.136	10.82	
1018.298	-35.05	
1018.461	58.33	
1018.624	-23.18	
1018.787	-18.26	
1018.949	-24	
1019.112	-36.28	
1019.274	-26.45	
1019.437	-4.33	
1019.6	4.68	
1019.762	-15.39	
1019.925	0.17	
1020.087	-38.33	
1020.25	-32.19	
1020.412	-28.5	
1020.575	-9.66	
1020.737	9.18	
1020.899	-28.09	
1021.062	-26.45	
1021.224	-3.52	
1021.387	18.6	
1021.549	16.55	
1021.711	-1.47	
1021.874	-41.61	
1022.036	-18.67	
1022.198	-43.66	
1022.36	13.28	
1022.523	-10.07	
1022.685	-44.07	
1022.847	-12.94	
1023.009	-22.36	
1023.171	-3.52	
1023.333	10.41	
1023.496	-58.81	
1023.658	3.45	
1023.82	-136.22	
1023.982	36.21	
1024.144	-42.02	
1024.306	-35.05	
1024.468	-65.36	
1024.63	-19.49	
1024.792	-34.24	
1024.954	-16.21	
1025.116	0.99	
1025.278	18.6	
1025.44	-14.17	
1025.601	44.41	
1025.763	-31.78	
1025.925	-36.69	
1026.087	11.23	
1026.249	-19.08	
1026.41	-29.73	
1026.572	-41.2	
1026.734	28.84	
1026.896	-40.38	
1027.057	-16.62	
1027.219	-19.08	
1027.381	-41.2	
1027.542	14.1	
1027.704	-19.9	
1027.866	-47.75	
1028.027	-3.52	
1028.189	-39.15	
1028.35	-27.27	
1028.512	11.23	
1028.673	-32.6	
1028.835	-13.35	
1028.996	33.76	
1029.158	3.45	
1029.319	-70.28	
1029.481	24.34	
1029.642	-95.67	
1029.803	-22.36	
1029.965	27.2	
1030.126	-67.82	
1030.287	-7.2	
1030.449	-35.87	
1030.61	-26.86	
1030.771	1.81	
1030.933	-19.9	
1031.094	-23.59	
1031.255	-3.11	
1031.416	34.17	
1031.577	-63.73	
1031.738	-10.89	
1031.9	-44.88	
1032.061	-43.25	
1032.222	-32.19	
1032.383	-17.03	
1032.544	-8.84	
1032.705	-31.37	
1032.866	-33.83	
1033.027	21.88	
1033.188	-27.68	
1033.349	-39.15	
1033.51	44.82	
1033.671	-41.2	
1033.832	-51.85	
1033.993	-28.5	
1034.153	-16.21	
1034.314	-9.25	
1034.475	-26.04	
1034.636	-5.15	
1034.797	-42.84	
1034.957	-18.67	
1035.118	-55.94	
1035.279	4.27	
1035.44	-42.02	
1035.6	-46.52	
1035.761	-31.78	
1035.922	14.51	
1036.082	2.63	
1036.243	-38.33	
1036.404	-4.74	
1036.564	-72.33	
1036.725	39.49	
1036.885	-29.73	
1037.046	-12.94	
1037.206	-12.94	
1037.367	41.95	
1037.527	13.69	
1037.688	-95.67	
1037.848	-3.11	
1038.008	-14.17	
1038.169	-14.98	
