Subt_2:202		
345.868	-0.27	
346.082	-0.27	
346.296	-0.27	
346.51	-42.46	
346.724	5.46	
346.937	10.79	
347.151	-8.06	
347.365	-12.97	
347.579	7.92	
347.793	3	
348.006	-16.66	
348.22	-1.09	
348.434	-19.93	
348.648	7.92	
348.861	17.34	
349.075	-20.34	
349.289	32.08	
349.502	-11.74	
349.716	-27.31	
349.93	30.86	
350.143	18.98	
350.357	-10.51	
350.571	26.76	
350.784	2.18	
350.998	-12.97	
351.212	-18.7	
351.425	-0.68	
351.639	24.71	
351.852	-16.25	
352.066	-0.68	
352.28	-30.58	
352.493	-38.37	
352.707	2.59	
352.92	8.33	
353.134	24.3	
353.347	-15.84	
353.561	-3.55	
353.774	-22.8	
353.988	-41.23	
354.201	35.77	
354.415	2.18	
354.628	-14.61	
354.841	-17.48	
355.055	26.76	
355.268	-31.4	
355.482	-8.87	
355.695	7.92	
355.908	14.06	
356.122	-10.1	
356.335	35.36	
356.549	-3.14	
356.762	-7.65	
356.975	9.56	
357.189	-2.73	
357.402	4.64	
357.615	12.01	
357.828	-9.69	
358.042	-13.38	
358.255	3	
358.468	-24.44	
358.682	-31.81	
358.895	18.16	
359.108	-26.08	
359.321	17.75	
359.534	-22.39	
359.748	-29.76	
359.961	-28.54	
360.174	2.18	
360.387	-26.08	
360.6	-38.77	
360.813	-17.48	
361.027	28.81	
361.24	57.89	
361.453	30.45	
361.666	-11.33	
361.879	-9.69	
362.092	2.59	
362.305	1.37	
362.518	37.82	
362.731	-11.33	
362.944	30.45	
363.157	-22.8	
363.37	-55.57	
363.583	12.42	
363.796	-28.94	
364.009	14.47	
364.222	-5.19	
364.435	15.29	
364.648	-29.35	
364.861	-0.27	
365.074	-35.5	
365.287	28.81	
365.5	-15.84	
365.713	52.56	
365.926	-24.03	
366.139	25.12	
366.352	-19.11	
366.564	7.92	
366.777	-34.27	
366.99	-19.52	
367.203	0.96	
367.416	11.2	
367.629	9.56	
367.841	7.92	
368.054	-9.69	
368.267	29.63	
368.48	23.48	
368.693	-14.61	
368.905	-3.55	
369.118	-18.3	
369.331	36.59	
369.544	-8.46	
369.756	19.8	
369.969	-27.72	
370.182	-21.16	
370.394	36.59	
370.607	-40.41	
370.82	14.06	
371.032	-21.98	
371.245	38.64	
371.458	-31.81	
371.67	-11.33	
371.883	-37.55	
372.095	59.12	
372.308	2.18	
372.52	25.94	
372.733	48.06	
372.946	-26.08	
373.158	2.59	
373.371	-40.41	
373.583	39.05	
373.796	-2.73	
374.008	-1.09	
374.221	16.93	
374.433	10.79	
374.646	-3.96	
374.858	-54.34	
375.071	4.23	
375.283	-8.87	
375.495	-27.31	
375.708	-28.13	
375.92	-8.46	
376.133	-8.46	
376.345	-14.61	
376.557	34.54	
376.77	-14.2	
376.982	31.68	
377.194	-4.37	
377.407	-57.62	
377.619	35.77	
377.831	3	
378.044	-5.6	
378.256	10.38	
378.468	-18.7	
378.68	8.74	
378.893	-11.33	
379.105	-8.06	
379.317	-21.98	
379.529	-63.76	
379.742	-13.79	
379.954	-60.48	
380.166	-8.87	
380.378	-34.68	
380.59	-26.08	
380.803	-19.11	
381.015	-11.74	
381.227	12.01	
381.439	0.55	
381.651	-13.38	
381.863	-12.15	
382.075	-14.2	
382.287	30.86	
382.499	30.86	
382.712	-19.93	
382.924	-58.84	
383.136	-32.63	
383.348	-15.84	
383.56	5.46	
383.772	-25.26	
383.984	-35.91	
384.196	-26.49	
384.408	-18.7	
384.62	13.24	
384.832	1.37	
385.044	2.59	
385.255	-17.89	
385.467	-43.69	
385.679	-4.37	
385.891	23.07	
386.103	14.47	
386.315	-9.28	
386.527	6.28	
386.739	50.11	
386.951	12.01	
387.162	11.61	
387.374	5.87	
387.586	-12.56	
387.798	-32.63	
388.01	-21.57	
388.221	-5.19	
388.433	-5.19	
388.645	12.01	
388.857	-1.09	
389.069	-32.22	
389.28	-31.4	
389.492	-4.78	
389.704	-13.38	
389.915	30.04	
390.127	-6.83	
390.339	10.38	
390.55	-4.37	
390.762	-9.69	
390.974	-42.05	
391.185	-24.03	
391.397	-23.62	
391.609	-13.38	
391.82	-33.04	
392.032	-8.46	
392.243	-37.96	
392.455	12.01	
392.667	6.28	
392.878	-10.1	
393.09	-1.09	
393.301	20.62	
393.513	22.66	
393.724	-17.89	
393.936	-0.68	
394.147	41.92	
394.359	-9.69	
394.57	-57.62	
394.782	-18.7	
394.993	-37.96	
395.204	16.52	
395.416	12.01	
395.627	-41.64	
395.839	-7.24	
396.05	-27.31	
396.261	5.87	
396.473	-26.49	
396.684	18.16	
396.896	28.4	
397.107	-18.3	
397.318	-11.33	
397.529	-3.55	
397.741	-9.28	
397.952	-7.24	
398.163	42.73	
398.375	-28.13	
398.586	-14.61	
398.797	4.23	
399.008	-0.27	
399.22	29.63	
399.431	-37.96	
399.642	-21.57	
399.853	49.29	
400.064	15.7	
400.276	-20.34	
400.487	-53.11	
400.698	-44.51	
400.909	21.85	
401.12	0.96	
401.331	22.25	
401.542	-8.06	
401.754	-6.83	
401.965	12.01	
402.176	-30.58	
402.387	60.76	
402.598	38.23	
402.809	129.16	
403.02	129.98	
403.231	96.39	
403.442	122.2	
403.653	154.55	
403.864	68.54	
404.075	19.39	
404.286	-22.8	
404.497	40.28	
404.708	-10.92	
404.919	-31.4	
405.13	21.03	
405.341	0.14	
405.551	-89.97	
405.762	-27.72	
405.973	29.22	
406.184	26.35	
406.395	-5.19	
406.606	22.25	
406.817	7.92	
407.027	-62.94	
407.238	-31.81	
407.449	-22.39	
407.66	10.79	
407.871	42.73	
408.081	0.55	
408.292	-26.08	
408.503	-10.92	
408.714	-55.98	
408.924	-23.62	
409.135	-4.37	
409.346	1.37	
409.556	43.14	
409.767	-7.65	
409.978	-17.89	
410.188	18.57	
410.399	13.24	
410.61	-25.26	
410.82	-35.91	
411.031	39.87	
411.242	-45.33	
411.452	-3.55	
411.663	9.15	
411.873	17.75	
412.084	5.05	
412.295	-26.08	
412.505	-17.07	
412.716	-0.68	
412.926	7.51	
413.137	-20.34	
413.347	-64.58	
413.558	20.21	
413.768	-31.81	
413.979	-41.64	
414.189	7.92	
414.399	-5.6	
414.61	-8.06	
414.82	13.65	
415.031	3.41	
415.241	3	
415.451	29.22	
415.662	-42.05	
415.872	12.42	
416.083	-22.8	
416.293	-3.96	
416.503	-9.28	
416.714	15.29	
416.924	46.42	
417.134	-24.44	
417.344	18.57	
417.555	2.18	
417.765	-21.98	
417.975	-52.29	
418.186	-22.39	
418.396	-13.38	
418.606	-28.13	
418.816	-4.78	
419.026	-18.7	
419.237	21.44	
419.447	-3.96	
419.657	-14.61	
419.867	-6.01	
420.077	-19.93	
420.287	-4.37	
420.497	47.65	
420.708	18.16	
420.918	4.64	
421.128	12.83	
421.338	-22.8	
421.548	-21.16	
421.758	15.29	
421.968	-6.42	
422.178	16.11	
422.388	3	
422.598	-10.51	
422.808	0.96	
423.018	11.2	
423.228	-30.58	
423.438	-6.83	
423.648	-18.7	
423.858	-0.27	
424.068	55.02	
424.278	-41.23	
424.488	-14.2	
424.698	-7.24	
424.907	-15.43	
425.117	-40	
425.327	31.68	
425.537	11.61	
425.747	7.1	
425.957	11.2	
426.167	-13.38	
426.376	-10.92	
426.586	12.01	
426.796	10.38	
427.006	-18.3	
427.216	0.96	
427.425	11.2	
427.635	11.2	
427.845	-45.74	
428.054	-27.31	
428.264	-23.21	
428.474	-6.83	
428.684	-24.44	
428.893	11.2	
429.103	-7.24	
429.313	-23.21	
429.522	40.69	
429.732	-40.82	
429.941	3.82	
430.151	-1.91	
430.361	0.96	
430.57	4.23	
430.78	11.2	
430.989	6.28	
431.199	11.2	
431.409	14.47	
431.618	-58.03	
431.828	-4.37	
432.037	32.08	
432.247	0.55	
432.456	3.82	
432.666	-50.65	
432.875	25.94	
433.084	-18.7	
433.294	0.55	
433.503	-55.16	
433.713	25.53	
433.922	-17.48	
434.132	-12.15	
434.341	-15.43	
434.55	-3.14	
434.76	-39.59	
434.969	-4.78	
435.178	-23.62	
435.388	1.77	
435.597	-3.55	
435.806	-54.34	
436.016	-52.29	
436.225	-26.49	
436.434	5.05	
436.643	-20.34	
436.853	-23.62	
437.062	5.46	
437.271	29.22	
437.48	19.8	
437.69	-38.37	
437.899	18.16	
438.108	17.75	
438.317	-44.51	
438.526	-14.2	
438.735	-13.79	
438.945	22.66	
439.154	-24.03	
439.363	27.99	
439.572	18.57	
439.781	28.81	
439.99	52.97	
440.199	-53.93	
440.408	27.99	
440.617	61.58	
440.826	-46.56	
441.035	14.88	
441.244	-47.38	
441.453	8.33	
441.662	-3.55	
441.871	-9.28	
442.08	52.56	
442.289	25.94	
442.498	-32.22	
442.707	34.54	
442.916	-53.93	
443.125	-42.05	
443.334	-81.37	
443.543	25.12	
443.752	-10.1	
443.961	36.18	
444.169	17.75	
444.378	2.59	
444.587	-15.02	
444.796	13.24	
445.005	-12.56	
445.213	25.94	
445.422	-6.83	
445.631	-19.52	
445.84	-56.39	
446.049	53.38	
446.257	-34.68	
446.466	-2.32	
446.675	-47.38	
446.883	9.15	
447.092	20.21	
447.301	18.98	
447.51	7.51	
447.718	-12.56	
447.927	5.87	
448.135	-23.62	
448.344	-30.99	
448.553	-27.72	
448.761	-5.19	
448.97	-8.87	
449.179	-8.46	
449.387	16.11	
449.596	-36.73	
449.804	-37.96	
450.013	2.59	
450.221	-15.02	
450.43	9.15	
450.638	4.23	
450.847	-1.09	
451.055	25.94	
451.264	-9.69	
451.472	1.77	
451.681	28.4	
451.889	-10.92	
452.097	12.01	
452.306	-9.69	
452.514	-27.72	
452.723	-8.46	
452.931	-75.64	
453.139	-10.51	
453.348	-13.79	
453.556	-0.68	
453.764	-19.93	
453.973	17.34	
454.181	18.16	
454.389	-9.69	
454.598	20.21	
454.806	16.93	
455.014	-51.47	
455.222	16.11	
455.431	28.81	
455.639	-6.01	
455.847	4.23	
456.055	7.1	
456.264	-5.19	
456.472	-21.57	
456.68	3	
456.888	-3.55	
457.096	-28.94	
457.304	-19.11	
457.512	41.1	
457.721	-20.75	
457.929	5.87	
458.137	-21.98	
458.345	-48.2	
458.553	14.88	
458.761	3.82	
458.969	-11.33	
459.177	10.38	
459.385	3.82	
459.593	3.82	
459.801	27.58	
460.009	-30.58	
460.217	-0.27	
460.425	8.74	
460.633	-66.63	
460.841	28.81	
461.049	-27.31	
461.257	-22.39	
461.465	-23.62	
461.673	-9.28	
461.88	-34.27	
462.088	-37.14	
462.296	-7.65	
462.504	-23.21	
462.712	-37.55	
462.92	0.96	
463.127	-29.76	
463.335	-11.74	
463.543	17.34	
463.751	25.12	
463.959	-79.73	
464.166	-38.37	
464.374	-28.54	
464.582	-30.17	
464.79	7.51	
464.997	-26.08	
465.205	21.85	
465.413	-35.5	
465.62	-32.63	
465.828	-13.79	
466.036	-24.03	
466.243	-15.84	
466.451	18.98	
466.658	-8.46	
466.866	-11.74	
467.074	6.69	
467.281	10.38	
467.489	-4.37	
467.696	-10.92	
467.904	-29.76	
468.111	-7.24	
468.319	-50.24	
468.527	-14.61	
468.734	-109.63	
468.942	-0.68	
469.149	1.37	
469.356	-15.84	
469.564	44.37	
469.771	-52.7	
469.979	9.15	
470.186	18.57	
470.394	-10.92	
470.601	-8.06	
470.808	-13.38	
471.016	-48.2	
471.223	-1.5	
471.43	17.75	
471.638	-46.56	
471.845	-15.84	
472.052	11.2	
472.26	-30.58	
472.467	-51.06	
472.674	32.49	
472.882	-28.54	
473.089	-1.09	
473.296	-21.16	
473.503	12.83	
473.711	9.56	
473.918	-7.24	
474.125	-26.9	
474.332	-10.51	
474.539	17.75	
474.746	-10.92	
474.954	5.87	
475.161	-52.7	
475.368	-37.96	
475.575	-8.46	
475.782	19.8	
475.989	-16.66	
476.196	-28.54	
476.403	10.38	
476.61	-33.45	
476.817	9.56	
477.024	-2.73	
477.231	30.86	
477.438	-25.67	
477.645	4.23	
477.852	-33.04	
478.059	-22.39	
478.266	-3.14	
478.473	-3.55	
478.68	-24.85	
478.887	21.03	
479.094	-49.01	
479.301	19.39	
479.508	-18.3	
479.715	23.07	
479.922	-11.33	
480.129	-29.76	
480.335	-4.37	
480.542	11.2	
480.749	-49.83	
480.956	23.48	
481.163	-27.72	
481.369	21.85	
481.576	-7.65	
481.783	-11.74	
481.99	-14.61	
482.196	-53.52	
482.403	11.61	
482.61	-55.57	
482.817	6.69	
483.023	18.16	
483.23	37	
483.437	-32.63	
483.643	-11.74	
483.85	-22.8	
484.057	22.66	
484.263	-28.94	
484.47	25.12	
484.676	-0.27	
484.883	19.8	
485.09	-52.7	
485.296	-64.17	
485.503	16.52	
485.709	-53.93	
485.916	-20.75	
486.122	-24.85	
486.329	-12.15	
486.535	-28.13	
486.742	31.68	
486.948	-36.32	
487.155	-7.24	
487.361	3.41	
487.567	-21.57	
487.774	18.16	
487.98	12.83	
488.187	-17.48	
488.393	11.61	
488.599	-13.38	
488.806	-40	
489.012	1.37	
489.219	-19.93	
489.425	-6.42	
489.631	-38.77	
489.837	13.24	
490.044	-7.65	
490.25	40.69	
490.456	-9.69	
490.663	-24.85	
490.869	22.66	
491.075	-37.96	
491.281	-58.03	
491.487	25.53	
491.694	-18.7	
491.9	30.04	
492.106	0.96	
492.312	-17.48	
492.518	-26.49	
492.724	13.24	
492.931	1.77	
493.137	-23.21	
493.343	-48.2	
493.549	-38.37	
493.755	40.69	
493.961	-30.17	
494.167	7.51	
494.373	8.74	
494.579	30.04	
494.785	-15.02	
494.991	-44.1	
495.197	-22.8	
495.403	-9.28	
495.609	3	
495.815	-24.03	
496.021	26.35	
496.227	-6.42	
496.433	14.88	
496.639	37.82	
496.845	26.76	
497.05	-15.84	
497.256	-21.98	
497.462	8.33	
497.668	-11.74	
497.874	-3.96	
498.08	-30.17	
498.286	3.82	
498.491	1.37	
498.697	26.76	
498.903	0.96	
499.109	-6.42	
499.314	15.7	
499.52	12.83	
499.726	-25.26	
499.932	14.47	
500.137	3.82	
500.343	18.16	
500.549	0.96	
500.754	0.96	
500.96	6.28	
501.166	-18.7	
501.371	-31.4	
501.577	-22.39	
501.782	-60.89	
501.988	22.66	
502.194	-26.9	
502.399	-33.04	
502.605	39.87	
502.81	-32.22	
503.016	0.14	
503.221	-15.43	
503.427	-21.16	
503.632	27.58	
503.838	21.03	
504.043	15.7	
504.249	-36.73	
504.454	-25.67	
504.66	-3.55	
504.865	28.81	
505.071	8.33	
505.276	4.64	
505.481	3.82	
505.687	-27.72	
505.892	15.7	
506.097	-8.46	
506.303	-6.42	
506.508	-51.88	
506.713	34.13	
506.919	-7.24	
507.124	5.46	
507.329	7.1	
507.535	12.01	
507.74	0.14	
507.945	-46.97	
508.15	6.69	
508.356	-39.18	
508.561	-12.15	
508.766	-24.44	
508.971	3.41	
509.176	-21.57	
509.381	-6.42	
509.587	-3.14	
509.792	-31.4	
509.997	-4.37	
510.202	-25.26	
510.407	9.56	
510.612	9.15	
510.817	-47.38	
511.022	-2.32	
511.227	-6.42	
511.432	-24.44	
511.637	11.2	
511.842	-39.59	
512.047	-65.4	
512.252	21.85	
512.457	-12.15	
512.662	12.42	
512.867	14.88	
513.072	-1.09	
513.277	13.24	
513.482	5.46	
513.687	-6.83	
513.892	54.2	
514.097	0.55	
514.302	7.51	
514.507	-40	
514.711	-2.73	
514.916	23.89	
515.121	0.96	
515.326	-19.11	
515.531	13.65	
515.735	3.82	
515.94	-32.22	
516.145	36.18	
516.35	-31.4	
516.554	-8.06	
516.759	10.38	
516.964	-1.91	
517.169	9.97	
517.373	2.18	
517.578	-24.03	
517.783	2.59	
517.987	-17.07	
518.192	-57.21	
518.396	18.16	
518.601	22.25	
518.806	20.21	
519.01	-20.75	
519.215	-1.91	
519.419	-23.62	
519.624	-13.38	
519.829	-10.92	
520.033	21.44	
520.238	-3.55	
520.442	-5.19	
520.647	5.05	
520.851	22.25	
521.055	11.61	
521.26	7.51	
521.464	0.96	
521.669	-28.13	
521.873	14.47	
522.078	25.53	
522.282	-23.21	
522.486	-17.48	
522.691	34.54	
522.895	38.23	
523.099	-16.66	
523.304	-14.61	
523.508	0.96	
523.712	38.64	
523.917	12.83	
524.121	44.78	
524.325	7.1	
524.53	13.65	
524.734	32.9	
524.938	-3.55	
525.142	30.04	
525.346	-10.1	
525.551	7.1	
525.755	12.42	
525.959	9.15	
526.163	51.75	
526.367	19.39	
526.571	12.42	
526.776	29.63	
526.98	-12.15	
527.184	-42.87	
527.388	9.15	
527.592	61.58	
527.796	47.65	
528	36.59	
528.204	33.31	
528.408	-22.39	
528.612	14.88	
528.816	24.3	
529.02	50.11	
529.224	17.75	
529.428	55.02	
529.632	8.74	
529.836	42.73	
530.04	32.49	
530.244	64.85	
530.448	81.65	
530.652	69.77	
530.855	77.14	
531.059	34.95	
531.263	30.04	
531.467	7.51	
531.671	25.94	
531.875	81.65	
532.078	53.38	
532.282	51.75	
532.486	79.19	
532.69	56.25	
532.893	85.74	
533.097	59.94	
533.301	51.34	
533.505	51.34	
533.708	78.37	
533.912	84.51	
534.116	26.76	
534.319	34.13	
534.523	34.95	
534.727	59.94	
534.93	68.95	
535.134	48.88	
535.338	59.12	
535.541	76.32	
535.745	47.65	
535.948	102.53	
536.152	70.59	
536.355	73.86	
536.559	118.1	
536.762	86.97	
536.966	85.33	
537.169	39.87	
537.373	58.3	
537.576	75.5	
537.78	62.8	
537.983	71	
538.187	79.6	
538.39	66.08	
538.593	120.56	
538.797	60.35	
539	126.7	
539.204	121.38	
539.407	87.38	
539.61	84.51	
539.814	159.47	
540.017	60.76	
540.22	89.02	
540.424	111.14	
540.627	32.49	
540.83	100.9	
541.033	107.04	
541.237	104.99	
541.44	62.8	
541.643	91.07	
541.846	145.95	
542.049	61.99	
542.253	90.66	
542.456	67.31	
542.659	86.56	
542.862	145.13	
543.065	154.55	
543.268	104.17	
543.471	131.21	
543.674	117.69	
543.878	78.78	
544.081	168.89	
544.284	118.92	
544.487	129.16	
544.69	141.45	
544.893	174.62	
545.096	149.64	
545.299	141.04	
545.502	145.13	
545.705	154.55	
545.908	120.97	
546.111	141.45	
546.314	94.75	
546.516	127.52	
546.719	129.98	
546.922	200.43	
547.125	145.54	
547.328	171.35	
547.531	190.19	
547.734	143.49	
547.936	160.7	
548.139	175.03	
548.342	246.71	
548.545	165.2	
548.748	215.17	
548.95	160.7	
549.153	157.83	
549.356	150.46	
549.559	186.91	
549.761	175.44	
549.964	195.1	
550.167	183.22	
550.369	202.48	
550.572	208.62	
550.775	203.7	
550.977	200.43	
551.18	193.46	
551.383	188.14	
551.585	233.6	
551.788	204.11	
551.99	259.41	
552.193	217.63	
552.396	171.35	
552.598	157.01	
552.801	157.42	
553.003	245.89	
553.206	250.81	
553.408	254.49	
553.611	158.65	
553.813	171.76	
554.015	198.79	
554.218	177.08	
554.42	177.49	
554.623	185.27	
554.825	229.51	
555.027	213.53	
555.23	261.46	
555.432	231.15	
555.635	220.91	
555.837	262.69	
556.039	209.85	
556.242	199.61	
556.444	195.1	
556.646	202.07	
556.848	247.53	
557.051	193.06	
557.253	237.7	
557.455	220.09	
557.657	224.18	
557.86	214.76	
558.062	201.25	
558.264	250.81	
558.466	260.23	
558.668	246.71	
558.87	286.03	
559.073	257.36	
559.275	231.15	
559.477	200.84	
559.679	205.34	
559.881	233.2	
560.083	212.72	
560.285	288.9	
560.487	196.33	
560.689	240.57	
560.891	227.46	
561.093	224.18	
561.295	225	
561.497	260.23	
561.699	243.03	
561.901	196.33	
562.103	286.85	
562.305	211.49	
562.507	213.13	
562.709	211.49	
562.911	259.82	
563.113	236.88	
563.314	212.72	
563.516	176.67	
563.718	246.71	
563.92	227.46	
564.122	220.91	
564.323	208.21	
564.525	209.44	
564.727	227.46	
564.929	216.4	
565.131	245.48	
565.332	167.66	
565.534	229.51	
565.736	277.43	
565.937	222.96	
566.139	208.21	
566.341	230.74	
566.542	226.23	
566.744	237.7	
566.946	239.75	
567.147	152.51	
567.349	227.05	
567.551	191.83	
567.752	168.89	
567.954	211.08	
568.155	186.91	
568.357	200.43	
568.558	209.03	
568.76	161.11	
568.961	169.71	
569.163	168.07	
569.364	175.85	
569.566	149.23	
569.767	200.84	
569.969	179.54	
570.17	191.01	
570.372	174.21	
570.573	143.9	
570.774	197.97	
570.976	151.28	
571.177	193.87	
571.378	143.49	
571.58	204.11	
571.781	144.72	
571.982	152.51	
572.184	133.25	
572.385	155.37	
572.586	135.71	
572.788	98.44	
572.989	119.33	
573.19	161.52	
573.391	154.96	
573.592	166.02	
573.794	110.32	
573.995	124.24	
574.196	97.62	
574.397	160.7	
574.598	138.58	
574.799	134.07	
575.001	136.53	
575.202	110.32	
575.403	106.63	
575.604	80.01	
575.805	84.92	
576.006	122.61	
576.207	114.82	
576.408	104.99	
576.609	121.79	
576.81	159.06	
577.011	82.06	
577.212	91.48	
577.413	86.97	
577.614	71.82	
577.815	31.27	
578.016	90.25	
578.217	137.76	
578.418	97.21	
578.619	100.08	
578.819	67.31	
579.02	61.17	
579.221	74.68	
579.422	63.21	
579.623	50.11	
579.824	52.15	
580.024	44.78	
580.225	91.07	
580.426	77.55	
580.627	80.83	
580.827	48.06	
581.028	98.44	
581.229	69.77	
581.43	55.84	
581.63	27.58	
581.831	64.44	
582.032	31.27	
582.232	50.52	
582.433	45.19	
582.634	105.81	
582.834	62.39	
583.035	30.86	
583.235	49.29	
583.436	44.37	
583.636	105.81	
583.837	56.25	
584.038	38.23	
584.238	87.79	
584.439	-8.06	
584.639	72.23	
584.84	34.95	
585.04	4.23	
585.241	61.99	
585.441	91.89	
585.641	57.07	
585.842	36.18	
586.042	53.38	
586.243	67.31	
586.443	56.66	
586.643	12.01	
586.844	15.29	
587.044	-5.19	
587.244	49.7	
587.445	-46.97	
587.645	16.93	
587.845	23.89	
588.046	55.02	
588.246	20.21	
588.446	12.01	
588.646	39.46	
588.847	49.29	
589.047	32.49	
589.247	14.06	
589.447	15.7	
589.647	12.01	
589.847	44.37	
590.048	-12.97	
590.248	-0.68	
590.448	12.42	
590.648	47.65	
590.848	-2.32	
591.048	0.96	
591.248	-8.46	
591.448	5.87	
591.648	-51.47	
591.848	4.64	
592.048	-0.27	
592.248	-1.09	
592.448	-5.6	
592.648	24.3	
592.848	41.51	
593.048	25.94	
593.248	8.33	
593.448	41.92	
593.648	43.55	
593.848	46.83	
594.048	3.82	
594.248	7.92	
594.447	14.47	
594.647	29.63	
594.847	-34.68	
595.047	39.87	
595.247	10.79	
595.447	-10.1	
595.646	3	
595.846	-1.91	
596.046	0.14	
596.246	12.01	
596.445	-40	
596.645	19.39	
596.845	59.53	
597.044	27.58	
597.244	-18.3	
597.444	12.83	
597.643	-0.68	
597.843	32.49	
598.043	36.18	
598.242	11.2	
598.442	26.35	
598.641	-54.75	
598.841	3.82	
599.041	-8.46	
599.24	13.65	
599.44	-2.32	
599.639	17.34	
599.839	33.72	
600.038	-9.69	
600.238	-7.24	
600.437	12.83	
600.637	-18.7	
600.836	11.61	
601.035	9.97	
601.235	16.11	
601.434	6.69	
601.634	31.68	
601.833	-33.45	
602.032	-38.77	
602.232	11.2	
602.431	25.12	
602.63	1.77	
602.83	11.2	
603.029	42.73	
603.228	56.66	
603.427	3	
603.627	-21.16	
603.826	-54.75	
604.025	-1.5	
604.224	8.33	
604.424	18.16	
604.623	3.82	
604.822	6.28	
605.021	31.27	
605.22	14.47	
605.419	32.49	
605.618	45.19	
605.818	20.62	
606.017	-10.92	
606.216	-10.92	
606.415	31.27	
606.614	67.72	
606.813	-15.43	
607.012	17.34	
607.211	-2.32	
607.41	-3.14	
607.609	7.1	
607.808	9.97	
608.007	3.41	
608.206	3.82	
608.405	-37.14	
608.604	19.39	
608.802	-2.73	
609.001	-7.24	
609.2	7.92	
609.399	-9.28	
609.598	-8.87	
609.797	-1.09	
609.996	-18.3	
610.194	-24.44	
610.393	3.82	
610.592	-13.38	
610.791	-39.59	
610.99	17.34	
611.188	-12.56	
611.387	14.06	
611.586	-8.87	
611.784	33.31	
611.983	15.29	
612.182	-4.78	
612.38	-13.79	
612.579	18.98	
612.778	16.52	
612.976	-33.45	
613.175	24.3	
613.374	-6.83	
613.572	-4.78	
613.771	-0.68	
613.969	-26.9	
614.168	-12.56	
614.366	1.77	
614.565	-31.81	
614.763	2.18	
614.962	-13.38	
615.16	-6.01	
615.359	-30.99	
615.557	6.69	
615.756	-21.57	
615.954	-42.05	
616.153	10.38	
616.351	27.99	
616.549	16.93	
616.748	14.47	
616.946	8.33	
617.144	-32.22	
617.343	0.55	
617.541	22.66	
617.739	41.92	
617.938	-28.94	
618.136	19.39	
618.334	-28.13	
618.532	-28.94	
618.731	-0.27	
618.929	49.29	
619.127	-22.39	
619.325	5.87	
619.523	6.69	
619.722	-35.91	
619.92	-40	
620.118	-10.51	
620.316	7.51	
620.514	37.41	
620.712	-18.3	
620.91	-6.01	
621.108	7.92	
621.306	-14.61	
621.505	-20.34	
621.703	-23.62	
621.901	-15.02	
622.099	-24.85	
622.297	5.46	
622.495	45.6	
622.693	-19.52	
622.89	35.36	
623.088	-40	
623.286	-18.7	
623.484	-8.06	
623.682	-18.7	
623.88	-10.1	
624.078	-20.34	
624.276	10.79	
624.474	-14.2	
624.671	-3.14	
624.869	15.7	
625.067	-48.61	
625.265	42.73	
625.463	18.98	
625.66	-11.33	
625.858	-2.32	
626.056	11.2	
626.254	-12.97	
626.451	-6.01	
626.649	-12.56	
626.847	-16.66	
627.044	43.14	
627.242	34.13	
627.44	18.57	
627.637	41.92	
627.835	-21.98	
628.032	16.11	
628.23	-13.79	
628.428	11.2	
628.625	16.11	
628.823	21.03	
629.02	25.94	
629.218	-5.19	
629.415	-34.27	
629.613	-33.45	
629.81	-13.38	
630.008	-27.31	
630.205	7.1	
630.403	-23.62	
630.6	-50.24	
630.797	16.52	
630.995	-6.01	
631.192	25.12	
631.39	-41.64	
631.587	29.63	
631.784	36.18	
631.982	22.25	
632.179	32.9	
632.376	-19.11	
632.574	-33.45	
632.771	-10.51	
632.968	16.52	
633.165	0.55	
633.363	-10.92	
633.56	15.29	
633.757	-26.08	
633.954	21.44	
634.151	6.69	
634.349	6.69	
634.546	-13.79	
634.743	13.24	
634.94	-0.68	
635.137	-0.68	
635.334	-27.31	
635.531	-12.15	
635.728	0.96	
635.925	29.63	
636.122	-19.11	
636.319	-22.39	
636.516	-14.61	
636.713	-4.78	
636.91	-17.48	
637.107	32.08	
637.304	-19.52	
637.501	1.37	
637.698	-36.73	
637.895	36.18	
638.092	13.24	
638.289	3	
638.486	-37.55	
638.683	-5.6	
638.88	56.66	
639.076	37	
639.273	-17.89	
639.47	22.66	
639.667	7.92	
639.864	14.47	
640.06	4.64	
640.257	-18.3	
640.454	-2.32	
640.651	-8.06	
640.847	39.46	
641.044	-17.89	
641.241	18.57	
641.437	-15.84	
641.634	27.58	
641.831	30.45	
642.027	-15.84	
642.224	-33.45	
642.421	70.59	
642.617	-2.32	
642.814	16.11	
643.01	-26.08	
643.207	15.7	
643.403	-35.91	
643.6	-18.3	
643.796	-3.55	
643.993	-15.84	
644.189	3.41	
644.386	-30.17	
644.582	5.46	
644.779	-1.09	
644.975	-17.07	
645.172	-29.35	
645.368	-16.66	
645.564	-51.88	
645.761	5.46	
645.957	26.76	
646.153	-21.57	
646.35	16.93	
646.546	-8.87	
646.742	-21.16	
646.939	9.56	
647.135	-3.55	
647.331	-29.76	
647.527	-35.5	
647.724	32.49	
647.92	-17.48	
648.116	25.12	
648.312	-13.79	
648.509	44.37	
648.705	-19.52	
648.901	-6.01	
649.097	-36.32	
649.293	-41.23	
649.489	19.8	
649.685	4.64	
649.881	-8.87	
650.077	-37.96	
650.274	-1.09	
650.47	-27.31	
650.666	-9.69	
650.862	-13.38	
651.058	14.88	
651.254	-16.25	
651.45	-29.76	
651.645	6.69	
651.841	-11.33	
652.037	44.78	
652.233	54.2	
652.429	31.27	
652.625	-21.98	
652.821	1.77	
653.017	10.38	
653.213	-23.62	
653.408	38.64	
653.604	-9.28	
653.8	8.33	
653.996	-8.87	
654.192	-57.21	
654.387	-16.66	
654.583	34.13	
654.779	-13.38	
654.975	-26.9	
655.17	-26.9	
655.366	5.87	
655.562	12.42	
655.757	31.68	
655.953	11.2	
656.149	-1.5	
656.344	24.71	
656.54	0.96	
656.735	20.21	
656.931	20.62	
657.127	-3.96	
657.322	18.57	
657.518	16.52	
657.713	-16.66	
657.909	-24.44	
658.104	-9.69	
658.3	-17.89	
658.495	-24.85	
658.691	-2.32	
658.886	-33.86	
659.082	4.23	
659.277	-17.07	
659.472	24.3	
659.668	5.05	
659.863	28.81	
660.059	-32.63	
660.254	-1.09	
660.449	-15.43	
660.644	17.34	
660.84	14.06	
661.035	-19.93	
661.23	-35.09	
661.426	9.56	
661.621	-1.91	
661.816	-40.41	
662.011	-9.69	
662.207	-17.48	
662.402	16.52	
662.597	-35.09	
662.792	-49.83	
662.987	-11.33	
663.182	-59.66	
663.377	-5.19	
663.573	-26.9	
663.768	31.68	
663.963	5.46	
664.158	-12.15	
664.353	-5.19	
664.548	-44.92	
664.743	20.21	
664.938	13.24	
665.133	21.84	
665.328	-5.19	
665.523	-14.61	
665.718	-55.16	
665.913	57.48	
666.108	-50.65	
666.303	-10.51	
666.498	-3.14	
666.692	-11.74	
666.887	-27.31	
667.082	-48.61	
667.277	-25.67	
667.472	-6.42	
667.667	25.53	
667.861	23.48	
668.056	8.74	
668.251	-42.05	
668.446	18.16	
668.64	-36.73	
668.835	0.96	
669.03	-24.44	
669.225	-32.22	
669.419	-5.19	
669.614	4.23	
669.809	1.37	
670.003	-34.27	
670.198	-3.96	
670.393	-12.56	
670.587	27.58	
670.782	15.7	
670.976	-13.79	
671.171	25.12	
671.365	-10.92	
671.56	-35.91	
671.754	-40.41	
671.949	9.15	
672.143	-29.76	
672.338	20.21	
672.532	-33.04	
672.727	9.15	
672.921	14.47	
673.116	-27.31	
673.31	-1.09	
673.504	-56.8	
673.699	7.92	
673.893	8.33	
674.088	-5.19	
674.282	-15.02	
674.476	-10.1	
674.67	-7.65	
674.865	-53.93	
675.059	3	
675.253	-0.27	
675.448	-3.55	
675.642	6.28	
675.836	-15.43	
676.03	-5.6	
676.224	-23.62	
676.419	8.33	
676.613	-29.76	
676.807	-6.83	
677.001	-17.89	
677.195	2.18	
677.389	-12.97	
677.583	-3.14	
677.777	-21.98	
677.972	-5.6	
678.166	37.41	
678.36	-14.2	
678.554	-6.42	
678.748	-6.83	
678.942	8.74	
679.136	63.62	
679.33	15.7	
679.524	-26.49	
679.717	14.88	
679.911	-34.27	
680.105	13.24	
680.299	17.34	
680.493	-19.93	
680.687	-23.21	
680.881	-13.79	
681.075	16.52	
681.268	-20.34	
681.462	-30.99	
681.656	-51.47	
681.85	-8.87	
682.044	20.62	
682.237	13.24	
682.431	44.78	
682.625	7.1	
682.819	-21.16	
683.012	9.15	
683.206	-10.51	
683.4	24.71	
683.593	34.95	
683.787	10.79	
683.981	11.2	
684.174	-58.03	
684.368	8.33	
684.561	2.59	
684.755	-5.19	
684.948	64.85	
685.142	-10.1	
685.335	-26.9	
685.529	-15.84	
685.722	-16.66	
685.916	7.92	
686.109	-0.27	
686.303	-36.32	
686.496	-6.01	
686.69	15.7	
686.883	-12.97	
687.077	-25.26	
687.27	-36.32	
687.463	26.76	
687.657	-8.87	
687.85	11.61	
688.043	13.65	
688.237	6.28	
688.43	27.17	
688.623	-4.37	
688.816	3.41	
689.01	1.77	
689.203	-20.75	
689.396	-12.97	
689.589	1.37	
689.783	-43.28	
689.976	-4.78	
690.169	87.38	
690.362	-62.94	
690.555	-70.72	
690.748	10.79	
690.941	55.43	
691.135	27.58	
691.328	1.37	
691.521	16.52	
691.714	-23.21	
691.907	-16.66	
692.1	-36.32	
692.293	21.44	
692.486	-39.18	
692.679	-19.93	
692.872	1.37	
693.065	-44.51	
693.258	-1.91	
693.451	-44.51	
693.644	-14.61	
693.836	5.87	
694.029	-26.9	
694.222	-34.27	
694.415	14.06	
694.608	-10.1	
694.801	-13.79	
694.993	16.52	
695.186	22.66	
695.379	18.57	
695.572	-3.14	
695.765	-1.09	
695.957	-28.54	
696.15	14.47	
696.343	-13.79	
696.535	-6.83	
696.728	-31.4	
696.921	-29.35	
697.113	10.38	
697.306	-37.14	
697.499	0.14	
697.691	-2.32	
697.884	16.11	
698.076	-5.19	
698.269	6.28	
698.462	-8.87	
698.654	51.34	
698.847	-27.31	
699.039	32.49	
699.232	5.05	
699.424	3	
699.617	15.7	
699.809	-21.57	
700.001	-51.47	
700.194	12.83	
700.386	-38.77	
700.579	-17.89	
700.771	-22.39	
700.963	13.24	
701.156	-16.66	
701.348	-41.23	
701.54	5.87	
701.733	-38.77	
701.925	-10.1	
702.117	14.88	
702.309	-11.33	
702.502	0.55	
702.694	19.8	
702.886	41.1	
703.078	21.44	
703.271	-10.51	
703.463	-40	
703.655	-47.38	
703.847	25.12	
704.039	17.34	
704.231	-6.01	
704.423	3.82	
704.615	-42.46	
704.808	-3.96	
705	-7.24	
705.192	-3.96	
705.384	-21.98	
705.576	-37.55	
705.768	-1.09	
705.96	-23.21	
706.152	-14.61	
706.344	1.77	
706.536	-12.97	
706.727	-7.65	
706.919	7.1	
707.111	-19.52	
707.303	-7.24	
707.495	-13.38	
707.687	-48.2	
707.879	2.59	
708.071	-15.84	
708.262	-19.11	
708.454	-6.83	
708.646	22.25	
708.838	11.61	
709.029	10.79	
709.221	-43.28	
709.413	0.96	
709.605	-5.19	
709.796	-11.74	
709.988	-19.52	
710.18	25.12	
710.371	31.27	
710.563	-7.24	
710.755	-24.44	
710.946	24.3	
711.138	-4.37	
711.329	1.77	
711.521	-15.02	
711.712	16.52	
711.904	-53.93	
712.095	0.14	
712.287	1.77	
712.478	24.3	
712.67	-39.18	
712.861	-30.99	
713.053	77.14	
713.244	8.33	
713.436	22.25	
713.627	50.93	
713.818	-6.42	
714.01	-15.84	
714.201	-49.83	
714.393	0.55	
714.584	-3.55	
714.775	-1.91	
714.966	15.7	
715.158	7.92	
715.349	-6.01	
715.54	-44.1	
715.732	1.77	
715.923	-33.45	
716.114	-20.75	
716.305	1.37	
716.496	-34.68	
716.688	-44.92	
716.879	-19.11	
717.07	37	
717.261	46.01	
717.452	-3.14	
717.643	-3.55	
717.834	11.61	
718.025	-24.85	
718.216	-19.11	
718.407	-42.05	
718.598	-13.79	
718.789	6.28	
718.98	-6.01	
719.171	-26.9	
719.362	30.04	
719.553	-7.65	
719.744	5.05	
719.935	-29.35	
720.126	30.86	
720.317	8.74	
720.508	-13.79	
720.699	21.03	
720.889	-21.16	
721.08	-20.75	
721.271	6.28	
721.462	6.28	
721.653	17.75	
721.843	27.17	
722.034	2.18	
722.225	-26.49	
722.416	-36.32	
722.606	-13.79	
722.797	39.87	
722.988	6.69	
723.178	-15.84	
723.369	42.73	
723.56	-30.58	
723.75	-44.92	
723.941	27.99	
724.132	17.75	
724.322	26.76	
724.513	12.83	
724.703	27.58	
724.894	-17.07	
725.084	-19.93	
725.275	-5.6	
725.465	24.3	
725.656	29.63	
725.846	-10.92	
726.037	-5.6	
726.227	-9.69	
726.417	10.38	
726.608	-14.2	
726.798	-40	
726.989	-0.27	
727.179	30.45	
727.369	-19.93	
727.56	7.51	
727.75	-26.49	
727.94	-40.82	
728.131	0.96	
728.321	3	
728.511	-8.87	
728.701	-1.5	
728.892	-20.34	
729.082	-38.37	
729.272	-15.84	
729.462	-17.07	
729.652	9.97	
729.842	-10.51	
730.033	-19.11	
730.223	-7.24	
730.413	-1.5	
730.603	-42.05	
730.793	-33.04	
730.983	-68.68	
731.173	-23.62	
731.363	13.65	
731.553	19.39	
731.743	5.87	
731.933	-49.42	
732.123	27.99	
732.313	22.66	
732.503	-30.17	
732.693	28.81	
732.883	16.52	
733.073	12.83	
733.263	-3.55	
733.452	7.1	
733.642	13.65	
733.832	-37.14	
734.022	7.92	
734.212	-13.79	
734.402	-3.55	
734.591	29.22	
734.781	43.55	
734.971	-29.76	
735.161	-35.5	
735.35	-2.32	
735.54	-27.72	
735.73	-39.18	
735.919	-24.85	
736.109	5.05	
736.299	-25.67	
736.488	21.44	
736.678	-57.62	
736.867	-20.34	
737.057	13.65	
737.247	-18.7	
737.436	-50.65	
737.626	-14.61	
737.815	22.25	
738.005	-6.42	
738.194	10.38	
738.384	-33.04	
738.573	-0.27	
738.763	-6.01	
738.952	-10.51	
739.141	1.77	
739.331	-19.11	
739.52	-5.19	
739.71	16.93	
739.899	16.52	
740.088	22.66	
740.278	-0.27	
740.467	-0.27	
740.656	-13.79	
740.846	-29.35	
741.035	-35.09	
741.224	-4.78	
741.413	-36.32	
741.603	-15.43	
741.792	-26.9	
741.981	-71.54	
742.17	-37.55	
742.359	5.05	
742.548	-6.83	
742.738	3	
742.927	-12.15	
743.116	-14.61	
743.305	55.02	
743.494	41.51	
743.683	27.99	
743.872	-59.66	
744.061	-16.25	
744.25	-25.26	
744.439	29.22	
744.628	-9.28	
744.817	-1.5	
745.006	9.56	
745.195	-26.08	
745.384	21.03	
745.573	27.58	
745.762	-1.09	
745.951	-18.7	
746.139	-16.25	
746.328	-29.76	
746.517	-19.11	
746.706	-31.4	
746.895	-20.34	
747.084	-18.3	
747.272	1.37	
747.461	16.11	
747.65	-41.23	
747.839	-26.08	
748.027	-21.16	
748.216	38.23	
748.405	-13.79	
748.593	-52.29	
748.782	4.64	
748.971	18.98	
749.159	14.47	
749.348	-49.83	
749.536	-30.99	
749.725	-24.44	
749.914	-8.46	
750.102	4.23	
750.291	8.74	
750.479	-10.92	
750.668	8.74	
750.856	-6.83	
751.045	5.05	
751.233	67.31	
751.421	48.88	
751.61	10.79	
751.798	14.47	
751.987	-3.96	
752.175	-22.8	
752.363	15.29	
752.552	-0.68	
752.74	0.55	
752.928	30.04	
753.117	2.59	
753.305	-6.83	
753.493	-15.43	
753.682	14.06	
753.87	-25.26	
754.058	61.17	
754.246	-2.73	
754.434	-26.49	
754.623	-24.03	
754.811	34.13	
754.999	58.3	
755.187	-35.09	
755.375	-45.74	
755.563	29.22	
755.751	-14.2	
755.94	-56.8	
756.128	-26.9	
756.316	-31.4	
756.504	-9.28	
756.692	-1.91	
756.88	2.18	
757.068	-32.63	
757.256	-25.26	
757.444	-4.37	
757.632	-31.4	
757.819	-46.56	
758.007	-11.33	
758.195	-44.92	
758.383	-29.76	
758.571	-28.94	
758.759	-12.97	
758.947	-20.34	
759.135	-26.49	
759.322	-5.6	
759.51	-31.81	
759.698	-71.54	
759.886	0.14	
760.073	-22.8	
760.261	-1.09	
760.449	-18.7	
760.637	-22.8	
760.824	10.38	
761.012	7.51	
761.2	32.9	
761.387	7.51	
761.575	-4.37	
761.762	-10.51	
761.95	17.75	
762.138	-8.87	
762.325	-26.08	
762.513	-15.84	
762.7	29.22	
762.888	16.11	
763.075	-46.15	
763.263	18.16	
763.45	24.71	
763.638	-24.44	
763.825	35.77	
764.012	23.07	
764.2	-7.24	
764.387	9.15	
764.575	-10.92	
764.762	-3.14	
764.949	-23.62	
765.137	-42.46	
765.324	19.39	
765.511	24.3	
765.699	-64.17	
765.886	-4.78	
766.073	-24.44	
766.26	22.25	
766.448	46.01	
766.635	-46.15	
766.822	-30.58	
767.009	-3.96	
767.196	24.3	
767.383	-16.66	
767.571	18.57	
767.758	-13.79	
767.945	-26.49	
768.132	-49.83	
768.319	3.41	
768.506	-21.98	
768.693	-28.94	
768.88	-14.2	
769.067	9.56	
769.254	-20.75	
769.441	-12.15	
769.628	-13.38	
769.815	-23.21	
770.002	12.01	
770.189	15.29	
770.376	-6.01	
770.563	-36.73	
770.75	31.27	
770.936	-8.46	
771.123	18.16	
771.31	5.87	
771.497	20.21	
771.684	-3.14	
771.87	2.59	
772.057	-28.54	
772.244	14.47	
772.431	16.93	
772.617	6.28	
772.804	-27.72	
772.991	-4.37	
773.177	-16.66	
773.364	21.03	
773.551	9.15	
773.737	-12.97	
773.924	-37.96	
774.111	27.99	
774.297	12.42	
774.484	-26.08	
774.67	-10.1	
774.857	-26.9	
775.043	-14.2	
775.23	-32.22	
775.416	7.92	
775.603	9.56	
775.789	-24.85	
775.976	-15.43	
776.162	-46.15	
776.349	-3.14	
776.535	13.24	
776.721	24.71	
776.908	31.27	
777.094	-38.77	
777.28	-9.28	
777.467	9.97	
777.653	-35.09	
777.839	16.11	
778.025	-19.52	
778.212	-61.71	
778.398	16.93	
778.584	9.15	
778.77	0.96	
778.957	3	
779.143	9.15	
779.329	-14.2	
779.515	6.28	
779.701	-23.21	
779.887	-23.21	
780.073	5.05	
780.26	-8.06	
780.446	-19.52	
780.632	-18.3	
780.818	-12.97	
781.004	-25.26	
781.19	-7.24	
781.376	-23.62	
781.562	-27.31	
781.748	7.51	
781.934	-24.85	
782.12	-3.96	
782.305	-13.38	
782.491	29.63	
782.677	-17.48	
782.863	-23.21	
783.049	-48.2	
783.235	-24.44	
783.421	-17.89	
783.606	-44.92	
783.792	-7.24	
783.978	19.39	
784.164	26.35	
784.349	-24.44	
784.535	-38.37	
784.721	-7.24	
784.907	-10.92	
785.092	-8.46	
785.278	8.33	
785.464	2.18	
785.649	-11.74	
785.835	-32.22	
786.02	-24.03	
786.206	-44.1	
786.392	-11.74	
786.577	52.15	
786.763	-14.61	
786.948	37.41	
787.134	-0.27	
787.319	-49.83	
787.505	0.14	
787.69	-3.96	
787.876	-6.83	
788.061	-7.65	
788.246	-12.15	
788.432	-16.25	
788.617	-34.68	
788.803	4.23	
788.988	-37.55	
789.173	-10.51	
789.359	-33.86	
789.544	4.64	
789.729	-12.15	
789.915	-23.62	
790.1	-52.7	
790.285	-10.51	
790.47	11.2	
790.655	-12.56	
790.841	0.96	
791.026	-42.05	
791.211	13.24	
791.396	-3.14	
791.581	17.34	
791.766	21.85	
791.952	-21.16	
792.137	-35.09	
792.322	18.98	
792.507	-14.61	
792.692	-3.96	
792.877	27.17	
793.062	32.49	
793.247	41.1	
793.432	-49.01	
793.617	-9.28	
793.802	-45.74	
793.987	-52.7	
794.172	-49.42	
794.356	-23.62	
794.541	23.07	
794.726	11.61	
794.911	-2.73	
795.096	18.57	
795.281	-53.11	
795.466	-27.72	
795.65	-10.51	
795.835	-55.16	
796.02	-14.2	
796.205	9.56	
796.389	12.83	
796.574	-11.33	
796.759	1.77	
796.943	-52.7	
797.128	-48.2	
797.313	27.99	
797.497	-25.26	
797.682	5.05	
797.867	9.15	
798.051	-31.4	
798.236	26.35	
798.42	-30.99	
798.605	-23.21	
798.789	8.74	
798.974	-22.39	
799.158	-2.32	
799.343	-8.46	
799.527	-3.96	
799.712	-31.4	
799.896	-21.57	
800.081	-30.99	
800.265	-6.42	
800.449	21.03	
800.634	-64.58	
800.818	10.79	
801.002	-2.73	
801.187	-72.36	
801.371	40.28	
801.555	-17.07	
801.74	-20.34	
801.924	16.11	
802.108	-8.46	
802.292	-5.19	
802.477	-21.16	
802.661	27.17	
802.845	-14.2	
803.029	-16.25	
803.213	-11.74	
803.397	-26.49	
803.581	56.66	
803.766	19.39	
803.95	-19.11	
804.134	-18.7	
804.318	-30.99	
804.502	-48.2	
804.686	-11.33	
804.87	14.88	
805.054	-10.51	
805.238	30.04	
805.422	4.64	
805.606	12.42	
805.79	-18.3	
805.973	-4.78	
806.157	1.37	
806.341	-28.94	
806.525	-1.91	
806.709	11.2	
806.893	12.83	
807.077	19.8	
807.26	-24.85	
807.444	14.47	
807.628	-10.92	
807.812	-22.8	
807.995	15.7	
808.179	-24.03	
808.363	-15.84	
808.546	-15.43	
808.73	-36.73	
808.914	-17.07	
809.097	13.24	
809.281	46.42	
809.465	-24.03	
809.648	10.79	
809.832	-44.92	
810.015	-8.87	
810.199	-14.61	
810.382	7.51	
810.566	-17.07	
810.749	5.05	
810.933	15.7	
811.116	4.64	
811.3	-12.56	
811.483	-32.22	
811.667	-20.75	
811.85	-43.28	
812.034	-3.96	
812.217	36.59	
812.4	-32.63	
812.584	-38.37	
812.767	-33.04	
812.95	-2.32	
813.133	-1.09	
813.317	-14.2	
813.5	9.15	
813.683	-18.7	
813.866	-1.09	
814.05	39.46	
814.233	-16.66	
814.416	-6.83	
814.599	2.18	
814.782	-30.58	
814.965	-17.07	
815.149	28.81	
815.332	-50.24	
815.515	-0.27	
815.698	-1.5	
815.881	11.61	
816.064	28.4	
816.247	-35.09	
816.43	-4.37	
816.613	-30.58	
816.796	17.75	
816.979	33.31	
817.162	-35.5	
817.345	6.28	
817.528	11.2	
817.711	-3.96	
817.893	-3.55	
818.076	-70.72	
818.259	-26.49	
818.442	-22.8	
818.625	19.8	
818.808	-1.09	
818.99	-62.94	
819.173	36.18	
819.356	-14.2	
819.539	-17.48	
819.721	-33.45	
819.904	3.82	
820.087	-8.46	
820.269	-3.55	
820.452	-4.37	
820.635	4.64	
820.817	-41.64	
821	13.65	
821.182	45.6	
821.365	-9.28	
821.548	39.46	
821.73	-8.46	
821.913	-25.26	
822.095	-21.57	
822.278	-5.6	
822.46	10.38	
822.642	0.55	
822.825	3.82	
823.007	-10.92	
823.19	8.74	
823.372	7.51	
823.555	-3.14	
823.737	-33.45	
823.919	-28.54	
824.102	-19.93	
824.284	-5.19	
824.466	5.87	
824.648	-38.37	
824.831	-11.74	
825.013	-26.08	
825.195	-17.07	
825.377	-15.02	
825.56	-26.08	
825.742	-14.2	
825.924	4.23	
826.106	-11.33	
826.288	3.82	
826.47	24.3	
826.652	7.51	
826.835	9.56	
827.017	-18.7	
827.199	-7.24	
827.381	5.05	
827.563	-0.68	
827.745	-12.15	
827.927	-50.24	
828.109	5.87	
828.291	-42.05	
828.473	-26.08	
828.655	-17.89	
828.836	-21.57	
829.018	-16.25	
829.2	-0.27	
829.382	-22.39	
829.564	28.4	
829.746	-32.63	
829.928	10.38	
830.109	-38.37	
830.291	10.79	
830.473	-21.16	
830.655	-7.65	
830.836	15.7	
831.018	8.74	
831.2	31.68	
831.382	-15.84	
831.563	-6.83	
831.745	-1.09	
831.926	-23.62	
832.108	-15.84	
832.29	-4.37	
832.471	2.59	
832.653	9.97	
832.834	27.99	
833.016	-30.99	
833.197	14.47	
833.379	-33.04	
833.56	-31.4	
833.742	-16.66	
833.923	-28.13	
834.105	27.58	
834.286	-53.52	
834.468	-46.97	
834.649	7.1	
834.83	11.2	
835.012	-49.01	
835.193	15.7	
835.374	-3.14	
835.556	6.69	
835.737	-10.51	
835.918	27.99	
836.1	-0.27	
836.281	-4.78	
836.462	6.69	
836.643	-44.51	
836.824	27.17	
837.006	-21.16	
837.187	-21.98	
837.368	-3.14	
837.549	13.24	
837.73	-39.59	
837.911	0.96	
838.092	12.42	
838.273	8.33	
838.455	21.44	
838.636	42.32	
838.817	0.14	
838.998	4.64	
839.179	4.23	
839.36	-24.44	
839.54	-21.16	
839.721	-61.71	
839.902	-71.95	
840.083	41.51	
840.264	46.01	
840.445	-36.32	
840.626	1.77	
840.807	-23.21	
840.988	-37.96	
841.168	-37.14	
841.349	-35.91	
841.53	41.51	
841.711	-25.26	
841.891	29.22	
842.072	27.99	
842.253	-21.57	
842.434	-21.16	
842.614	27.17	
842.795	1.37	
842.976	-27.72	
843.156	-46.15	
843.337	0.14	
843.517	13.24	
843.698	-28.94	
843.878	-17.48	
844.059	-22.39	
844.24	-6.42	
844.42	5.05	
844.601	-30.58	
844.781	-1.5	
844.962	-10.51	
845.142	21.44	
845.322	-46.56	
845.503	-21.98	
845.683	38.23	
845.864	55.84	
846.044	6.69	
846.224	-20.34	
846.405	0.14	
846.585	4.23	
846.765	35.77	
846.946	-19.11	
847.126	-4.37	
847.306	-17.07	
847.486	-1.09	
847.667	-12.97	
847.847	-41.23	
848.027	-16.66	
848.207	-30.58	
848.387	-11.33	
848.567	-45.33	
848.747	-1.09	
848.928	-20.34	
849.108	-75.64	
849.288	27.17	
849.468	-16.66	
849.648	-16.66	
849.828	-44.51	
850.008	-5.6	
850.188	42.32	
850.368	-11.74	
850.548	-12.56	
850.728	-8.46	
850.908	6.28	
851.088	-24.85	
851.267	-23.21	
851.447	27.17	
851.627	-14.61	
851.807	1.77	
851.987	-30.99	
852.167	-3.96	
852.346	2.59	
852.526	-15.02	
852.706	-29.76	
852.886	42.32	
853.065	-8.46	
853.245	-28.54	
853.425	-81.78	
853.605	15.7	
853.784	-2.32	
853.964	3.82	
854.143	-40	
854.323	16.11	
854.503	-11.33	
854.682	-26.9	
854.862	9.15	
855.041	-43.28	
855.221	42.73	
855.4	-18.7	
855.58	-36.73	
855.759	26.35	
855.939	-28.94	
856.118	-57.62	
856.298	-67.86	
856.477	13.65	
856.657	-24.03	
856.836	-39.18	
857.015	-6.42	
857.195	5.05	
857.374	-18.7	
857.553	18.57	
857.733	-29.76	
857.912	-26.9	
858.091	-31.4	
858.27	-28.54	
858.45	-47.38	
858.629	-12.15	
858.808	-11.33	
858.987	15.29	
859.166	-8.06	
859.345	-46.56	
859.525	-35.09	
859.704	-38.77	
859.883	14.06	
860.062	-28.54	
860.241	-24.03	
860.42	18.16	
860.599	-0.27	
860.778	-10.92	
860.957	-22.39	
861.136	-3.96	
861.315	23.89	
861.494	-17.07	
861.673	-24.03	
861.852	-44.92	
862.031	46.83	
862.21	2.59	
862.388	-18.7	
862.567	-12.15	
862.746	-7.65	
862.925	50.11	
863.104	-15.84	
863.283	12.01	
863.461	-17.89	
863.64	-27.31	
863.819	-7.65	
863.997	49.29	
864.176	-28.54	
864.355	-28.13	
864.534	-10.92	
864.712	0.14	
864.891	1.37	
865.069	-5.6	
865.248	22.66	
865.427	17.34	
865.605	6.28	
865.784	-39.59	
865.962	34.13	
866.141	1.77	
866.319	2.59	
866.498	-33.04	
866.676	-42.46	
866.855	4.64	
867.033	1.37	
867.212	-10.51	
867.39	18.98	
867.568	-4.37	
867.747	7.51	
867.925	-49.01	
868.103	15.29	
868.282	-11.74	
868.46	-0.68	
868.638	-28.13	
868.817	38.64	
868.995	-1.5	
869.173	9.97	
869.351	5.87	
869.529	-15.02	
869.708	-15.84	
869.886	-16.25	
870.064	1.37	
870.242	14.47	
870.42	48.88	
870.598	-35.09	
870.776	10.38	
870.954	2.18	
871.133	-19.11	
871.311	-50.24	
871.489	-19.11	
871.667	-8.87	
871.845	-8.87	
872.023	-22.8	
872.2	-62.12	
872.378	-26.08	
872.556	-26.08	
872.734	29.22	
872.912	-22.39	
873.09	-21.57	
873.268	-10.92	
873.446	-26.9	
873.623	-29.35	
873.801	-28.94	
873.979	-26.49	
874.157	-3.96	
874.335	-41.23	
874.512	-22.8	
874.69	25.53	
874.868	-35.09	
875.045	-35.5	
875.223	-30.58	
875.401	10.79	
875.578	-21.98	
875.756	10.79	
875.934	19.39	
876.111	-48.61	
876.289	9.97	
876.466	16.52	
876.644	-21.57	
876.821	-5.6	
876.999	-37.96	
877.176	-35.09	
877.354	-52.7	
877.531	6.69	
877.709	-10.51	
877.886	-34.68	
878.063	-12.15	
878.241	-41.23	
878.418	-44.1	
878.596	11.2	
878.773	35.36	
878.95	-26.49	
879.127	-0.68	
879.305	-33.86	
879.482	-59.25	
879.659	-10.1	
879.836	-20.75	
880.014	-26.49	
880.191	-13.79	
880.368	2.18	
880.545	-28.54	
880.722	12.83	
880.9	22.66	
881.077	-8.87	
881.254	3.82	
881.431	-10.51	
881.608	41.1	
881.785	-13.79	
881.962	34.13	
882.139	-30.17	
882.316	11.2	
882.493	-18.3	
882.67	-20.34	
882.847	-1.5	
883.024	-10.92	
883.201	21.85	
883.378	18.16	
883.554	-13.79	
883.731	21.03	
883.908	-6.42	
884.085	-8.06	
884.262	-46.97	
884.439	1.37	
884.615	11.61	
884.792	35.77	
884.969	17.34	
885.146	2.18	
885.322	23.89	
885.499	25.12	
885.676	-3.55	
885.852	9.56	
886.029	-32.63	
886.205	-0.27	
886.382	0.55	
886.559	59.53	
886.735	-3.55	
886.912	16.93	
887.088	12.42	
887.265	12.42	
887.441	-52.29	
887.618	6.69	
887.794	32.49	
887.971	-36.32	
888.147	40.28	
888.324	-38.37	
888.5	-34.27	
888.676	-30.99	
888.853	-27.72	
889.029	-15.43	
889.205	12.83	
889.382	-10.92	
889.558	9.97	
889.734	14.47	
889.911	3.82	
890.087	-21.98	
890.263	3.41	
890.439	-46.15	
890.616	7.51	
890.792	-37.96	
890.968	-67.04	
891.144	-17.48	
891.32	-31.81	
891.496	-6.42	
891.672	-0.68	
891.848	-26.08	
892.025	28.81	
892.201	5.87	
892.377	-52.29	
892.553	-54.75	
892.729	-9.69	
892.905	24.71	
893.081	-23.21	
893.256	-18.3	
893.432	1.37	
893.608	2.18	
893.784	-11.74	
893.96	-34.27	
894.136	-19.11	
894.312	9.56	
894.488	7.51	
894.663	-18.3	
894.839	-39.18	
895.015	39.46	
895.191	31.27	
895.366	-10.1	
895.542	-40.82	
895.718	-24.03	
895.894	-16.25	
896.069	-16.25	
896.245	44.78	
896.421	-17.07	
896.596	17.75	
896.772	-32.63	
896.947	4.64	
897.123	31.27	
897.298	12.01	
897.474	1.77	
897.649	-12.15	
897.825	-22.8	
898	3	
898.176	-54.34	
898.351	-21.98	
898.527	-35.5	
898.702	12.83	
898.878	32.08	
899.053	-25.26	
899.228	-15.02	
899.404	-2.32	
899.579	34.13	
899.754	-11.33	
899.93	-22.39	
900.105	1.37	
900.28	-46.15	
900.455	-60.89	
900.631	-69.08	
900.806	-30.99	
900.981	14.47	
901.156	18.16	
901.331	-41.64	
901.507	-19.93	
901.682	-6.01	
901.857	30.45	
902.032	-35.91	
902.207	-44.51	
902.382	-3.14	
902.557	3.41	
902.732	-33.45	
902.907	21.85	
903.082	0.55	
903.257	-2.32	
903.432	-17.89	
903.607	5.87	
903.782	18.16	
903.957	20.62	
904.132	-15.02	
904.306	-54.34	
904.481	11.61	
904.656	-40.41	
904.831	-18.7	
905.006	-17.07	
905.181	1.37	
905.355	12.83	
905.53	-11.74	
905.705	-9.69	
905.879	-5.6	
906.054	-7.65	
906.229	-1.09	
906.404	30.86	
906.578	14.88	
906.753	13.65	
906.927	15.7	
907.102	33.72	
907.277	-3.96	
907.451	5.05	
907.626	33.31	
907.8	32.9	
907.975	-44.1	
908.149	-15.84	
908.324	-3.55	
908.498	17.75	
908.673	-12.15	
908.847	-35.91	
909.021	-29.35	
909.196	-14.61	
909.37	-30.17	
909.544	3.82	
909.719	-26.49	
909.893	-16.25	
910.067	-31.4	
910.242	2.18	
910.416	14.88	
910.59	21.85	
910.764	21.85	
910.939	2.59	
911.113	-20.34	
911.287	23.07	
911.461	6.28	
911.635	-23.62	
911.809	-7.24	
911.984	-6.83	
912.158	4.23	
912.332	52.56	
912.506	19.8	
912.68	5.05	
912.854	1.37	
913.028	20.62	
913.202	-26.9	
913.376	-10.92	
913.55	-14.2	
913.724	-28.94	
913.898	-6.01	
914.071	7.92	
914.245	14.47	
914.419	-6.01	
914.593	-3.96	
914.767	-22.39	
914.941	51.75	
915.115	0.14	
915.288	-1.91	
915.462	3.82	
915.636	-27.72	
915.81	-19.11	
915.983	-12.97	
916.157	6.69	
916.331	-19.93	
916.504	-1.09	
916.678	32.9	
916.852	-39.18	
917.025	-49.01	
917.199	8.74	
917.372	-5.19	
917.546	4.64	
917.719	-17.07	
917.893	18.57	
918.066	-19.11	
918.24	-10.51	
918.413	-40.41	
918.587	31.68	
918.76	-32.63	
918.934	-53.52	
919.107	33.72	
919.28	23.07	
919.454	-10.51	
919.627	-14.61	
919.8	-9.69	
919.974	-30.99	
920.147	-40.82	
920.32	20.21	
920.494	-47.38	
920.667	9.97	
920.84	-16.25	
921.013	-23.62	
921.186	-42.05	
921.36	-21.98	
921.533	-19.52	
921.706	-15.43	
921.879	7.51	
922.052	-33.04	
922.225	-26.9	
922.398	18.57	
922.571	-58.03	
922.744	-52.29	
922.917	-16.25	
923.09	-18.3	
923.263	15.7	
923.436	10.79	
923.609	15.7	
923.782	15.29	
923.955	-23.21	
924.128	-64.17	
924.301	-32.63	
924.474	-13.38	
924.647	-15.02	
924.819	-33.86	
924.992	-13.38	
925.165	40.28	
925.338	-42.46	
925.511	-45.74	
925.683	-45.33	
925.856	-37.55	
926.029	14.06	
926.201	-9.69	
926.374	25.53	
926.547	-0.27	
926.719	5.87	
926.892	20.62	
927.065	-59.66	
927.237	-12.97	
927.41	-17.48	
927.582	-28.54	
927.755	-31.4	
927.927	-26.08	
928.1	0.96	
928.272	-13.38	
928.445	-31.4	
928.617	10.79	
928.79	-18.3	
928.962	-12.56	
929.134	48.88	
929.307	-25.67	
929.479	17.75	
929.651	-18.3	
929.824	45.19	
929.996	-6.42	
930.168	-17.07	
930.341	-8.46	
930.513	-15.84	
930.685	-23.62	
930.857	-28.94	
931.029	-41.64	
931.202	-3.14	
931.374	27.58	
931.546	-13.38	
931.718	-12.56	
931.89	-33.45	
932.062	3.41	
932.234	12.01	
932.406	2.59	
932.578	-17.07	
932.75	-18.7	
932.922	-2.73	
933.094	10.38	
933.266	-52.7	
933.438	20.21	
933.61	-3.55	
933.782	20.62	
933.954	11.61	
934.126	8.33	
934.298	-30.17	
934.47	44.37	
934.641	3.41	
934.813	-44.51	
934.985	-21.16	
935.157	-10.1	
935.329	8.74	
935.5	-11.33	
935.672	1.37	
935.844	-29.76	
936.015	18.57	
936.187	-8.06	
936.359	-45.74	
936.53	-9.69	
936.702	-24.44	
936.874	1.37	
937.045	-12.15	
937.217	5.46	
937.388	2.59	
937.56	17.34	
937.731	-25.67	
937.903	2.18	
938.074	-12.97	
938.246	1.77	
938.417	-21.16	
938.588	-38.37	
938.76	-19.52	
938.931	-47.38	
939.103	-24.44	
939.274	9.15	
939.445	9.97	
939.617	-28.94	
939.788	13.65	
939.959	35.77	
940.13	0.14	
940.302	9.97	
940.473	16.52	
940.644	2.18	
940.815	-0.27	
940.987	-10.92	
941.158	-7.65	
941.329	15.29	
941.5	25.53	
941.671	-44.1	
941.842	50.11	
942.013	-7.65	
942.184	29.63	
942.355	-17.89	
942.526	21.85	
942.697	-2.32	
942.868	20.21	
943.039	-2.73	
943.21	12.42	
943.381	-21.98	
943.552	-0.27	
943.723	-48.61	
943.894	-38.77	
944.065	-6.42	
944.235	-28.94	
944.406	-26.9	
944.577	-2.32	
944.748	13.65	
944.919	-14.2	
945.089	-6.42	
945.26	-31.4	
945.431	-11.33	
945.601	41.1	
945.772	-4.78	
945.943	26.76	
946.113	13.24	
946.284	-31.4	
946.455	-38.77	
946.625	-21.98	
946.796	-39.18	
946.966	-4.78	
947.137	23.07	
947.307	-18.7	
947.478	-8.06	
947.648	3.82	
947.819	-11.74	
947.989	-19.11	
948.16	-3.14	
948.33	-11.74	
948.5	9.56	
948.671	-63.35	
948.841	21.44	
949.012	9.15	
949.182	-19.11	
949.352	-0.27	
949.522	3.41	
949.693	21.85	
949.863	-18.3	
950.033	3	
950.203	-26.08	
950.374	-1.91	
950.544	21.85	
950.714	-50.24	
950.884	-42.05	
951.054	7.92	
951.224	6.28	
951.394	-8.06	
951.564	16.11	
951.735	-15.02	
951.905	9.97	
952.075	-23.62	
952.245	27.17	
952.415	-2.73	
952.585	28.4	
952.754	4.64	
952.924	1.77	
953.094	0.55	
953.264	-1.91	
953.434	25.53	
953.604	-7.24	
953.774	17.34	
953.944	0.55	
954.113	-5.19	
954.283	-32.63	
954.453	-17.07	
954.623	-35.91	
954.792	-20.34	
954.962	-17.07	
955.132	-0.27	
955.302	-10.92	
955.471	-18.7	
955.641	1.37	
955.81	-21.57	
955.98	-39.59	
956.15	-24.44	
956.319	18.98	
956.489	-33.45	
956.658	-30.17	
956.828	-10.51	
956.997	-53.93	
957.167	-6.42	
957.336	-64.99	
957.506	42.73	
957.675	-3.55	
957.845	24.3	
958.014	-3.96	
958.183	-26.08	
958.353	-38.77	
958.522	16.52	
958.691	-25.67	
958.861	-16.66	
959.03	-19.11	
959.199	-12.15	
959.368	-8.06	
959.538	35.77	
959.707	-24.44	
959.876	0.14	
960.045	-5.19	
960.214	-7.24	
960.383	-3.96	
960.553	27.99	
960.722	-10.1	
960.891	11.2	
961.06	-15.02	
961.229	31.27	
961.398	25.53	
961.567	17.75	
961.736	-11.33	
961.905	-13.38	
962.074	-48.2	
962.243	16.93	
962.412	-21.98	
962.581	-69.9	
962.75	8.33	
962.918	-37.14	
963.087	-87.52	
963.256	-15.02	
963.425	-12.97	
963.594	-26.49	
963.763	-1.91	
963.931	-3.55	
964.1	17.34	
964.269	-22.8	
964.437	-31.81	
964.606	80.83	
964.775	32.08	
964.943	-36.32	
965.112	5.05	
965.281	-13.79	
965.449	1.77	
965.618	-0.68	
965.786	7.1	
965.955	3.41	
966.124	-38.37	
966.292	2.59	
966.461	-21.57	
966.629	9.97	
966.797	-31.81	
966.966	-1.91	
967.134	3.82	
967.303	13.65	
967.471	-9.69	
967.639	7.51	
967.808	-65.4	
967.976	16.11	
968.144	-15.02	
968.313	3	
968.481	-73.59	
968.649	11.2	
968.817	25.94	
968.986	32.9	
969.154	14.47	
969.322	-14.61	
969.49	-14.2	
969.658	27.99	
969.827	2.18	
969.995	3	
970.163	42.32	
970.331	-33.45	
970.499	-5.6	
970.667	-36.73	
970.835	-29.76	
971.003	-57.21	
971.171	12.42	
971.339	39.87	
971.507	-13.79	
971.675	18.98	
971.843	-0.27	
972.011	17.34	
972.178	-35.91	
972.346	12.83	
972.514	48.47	
972.682	-21.98	
972.85	-28.94	
973.018	-14.61	
973.185	-19.52	
973.353	17.34	
973.521	-48.2	
973.689	13.65	
973.856	-16.25	
974.024	-56.39	
974.192	-8.46	
974.359	-28.13	
974.527	34.95	
974.694	-8.46	
974.862	36.18	
975.03	-3.55	
975.197	-45.74	
975.365	-1.5	
975.532	-27.31	
975.7	-31.81	
975.867	49.7	
976.035	-5.19	
976.202	3	
976.369	-3.96	
976.537	-5.6	
976.704	42.32	
976.872	0.55	
977.039	-20.34	
977.206	14.47	
977.374	-1.91	
977.541	-0.68	
977.708	-1.91	
977.875	-12.97	
978.043	-27.31	
978.21	-28.13	
978.377	-16.66	
978.544	-6.01	
978.711	-39.18	
978.879	-5.6	
979.046	52.97	
979.213	-45.74	
979.38	-3.55	
979.547	3.82	
979.714	-21.16	
979.881	-16.66	
980.048	-41.23	
980.215	-3.55	
980.382	-3.55	
980.549	-20.34	
980.716	-8.06	
980.883	-46.15	
981.05	9.97	
981.217	2.18	
981.384	-19.11	
981.55	-10.51	
981.717	5.46	
981.884	-5.6	
982.051	18.16	
982.218	29.63	
982.384	-18.3	
982.551	16.52	
982.718	-4.37	
982.885	3.82	
983.051	-45.33	
983.218	-15.84	
983.385	20.62	
983.551	-3.14	
983.718	28.4	
983.885	-25.26	
984.051	-24.85	
984.218	-24.44	
984.384	-22.39	
984.551	23.07	
984.717	-60.89	
984.884	39.05	
985.05	-60.07	
985.217	8.74	
985.383	-1.09	
985.55	5.05	
985.716	-5.6	
985.882	16.93	
986.049	-24.03	
986.215	-19.11	
986.381	-33.04	
986.548	-1.5	
986.714	-35.09	
986.88	-14.61	
987.046	-6.83	
987.213	-21.57	
987.379	-5.6	
987.545	-10.51	
987.711	-12.97	
987.877	-5.19	
988.044	-23.62	
988.21	26.35	
988.376	-31.4	
988.542	-17.48	
988.708	34.13	
988.874	6.69	
989.04	23.07	
989.206	-45.74	
989.372	-21.57	
989.538	19.39	
989.704	-6.42	
989.87	34.54	
990.036	-8.46	
990.202	-16.66	
990.368	-24.44	
990.534	-18.7	
990.699	-22.39	
990.865	15.7	
991.031	-10.51	
991.197	-0.27	
991.363	10.38	
991.528	25.53	
991.694	-19.11	
991.86	7.92	
992.025	-21.98	
992.191	-49.83	
992.357	-20.75	
992.522	-29.76	
992.688	-51.47	
992.854	-33.45	
993.019	-12.97	
993.185	-19.52	
993.35	55.43	
993.516	-7.65	
993.681	-59.25	
993.847	42.32	
994.012	-34.68	
994.178	-48.61	
994.343	43.14	
994.509	-2.73	
994.674	-2.32	
994.84	15.29	
995.005	2.59	
995.17	15.7	
995.336	1.37	
995.501	-15.02	
995.666	25.94	
995.831	0.55	
995.997	-37.96	
996.162	-40.41	
996.327	107.04	
996.492	-8.87	
996.658	3.82	
996.823	26.35	
996.988	-23.62	
997.153	13.24	
997.318	19.8	
997.483	-7.65	
997.648	-3.14	
997.813	-30.58	
997.978	-1.5	
998.143	-37.14	
998.308	2.18	
998.473	-20.75	
998.638	-9.69	
998.803	-2.32	
998.968	5.87	
999.133	-35.91	
999.298	-11.74	
999.463	-26.08	
999.628	-28.94	
999.793	6.28	
999.957	-15.02	
1000.122	-5.6	
1000.287	-18.7	
1000.452	22.66	
1000.616	-35.5	
1000.781	-26.08	
1000.946	-32.63	
1001.111	-8.87	
1001.275	23.07	
1001.44	-19.52	
1001.604	-12.97	
1001.769	-17.89	
1001.934	-3.14	
1002.098	-3.14	
1002.263	-51.47	
1002.427	-21.98	
1002.592	-13.79	
1002.756	-35.91	
1002.921	-31.81	
1003.085	55.43	
1003.25	26.35	
1003.414	20.62	
1003.579	-20.75	
1003.743	25.94	
1003.907	-19.93	
1004.072	-34.68	
1004.236	-38.37	
1004.4	-2.32	
1004.565	-4.78	
1004.729	-20.75	
1004.893	-20.34	
1005.057	-22.39	
1005.222	-39.59	
1005.386	12.42	
1005.55	18.57	
1005.714	-13.38	
1005.878	21.03	
1006.042	-16.66	
1006.206	7.1	
1006.371	-8.06	
1006.535	0.55	
1006.699	3.82	
1006.863	-44.92	
1007.027	-44.1	
1007.191	23.89	
1007.355	-46.56	
1007.519	-12.97	
1007.683	10.38	
1007.847	6.69	
1008.01	-6.83	
1008.174	1.77	
1008.338	-18.7	
1008.502	0.96	
1008.666	-35.91	
1008.83	0.96	
1008.993	-27.31	
1009.157	-37.96	
1009.321	-2.32	
1009.485	-11.33	
1009.648	-10.1	
1009.812	-10.92	
1009.976	6.28	
1010.139	-6.01	
1010.303	40.28	
1010.467	0.14	
1010.63	-12.56	
1010.794	-13.38	
1010.957	29.63	
1011.121	-16.66	
1011.285	8.33	
1011.448	9.15	
1011.612	9.15	
1011.775	32.49	
1011.938	27.99	
1012.102	-12.56	
1012.265	-16.66	
1012.429	-31.81	
1012.592	16.52	
1012.755	20.21	
1012.919	19.8	
1013.082	-41.64	
1013.245	5.05	
1013.409	-1.09	
1013.572	-13.38	
1013.735	-30.17	
1013.898	-1.5	
1014.062	-66.22	
1014.225	-38.77	
1014.388	37.82	
1014.551	-25.67	
1014.714	17.75	
1014.877	46.83	
1015.041	2.59	
1015.204	7.51	
1015.367	6.28	
1015.53	6.28	
1015.693	-8.46	
1015.856	-19.11	
1016.019	-52.29	
1016.182	1.37	
1016.345	-36.73	
1016.508	-4.37	
1016.67	-41.64	
1016.833	-18.7	
1016.996	48.47	
1017.159	-25.67	
1017.322	10.38	
1017.485	7.1	
1017.648	-12.56	
1017.81	28.4	
1017.973	5.05	
1018.136	-0.68	
1018.298	-8.06	
1018.461	46.83	
1018.624	-34.27	
1018.787	-43.69	
1018.949	-8.87	
1019.112	-8.46	
1019.274	-19.52	
1019.437	-49.42	
1019.6	12.42	
1019.762	-37.14	
1019.925	-7.65	
1020.087	-33.04	
1020.25	-28.54	
1020.412	-62.94	
1020.575	-1.5	
1020.737	26.35	
1020.899	-48.2	
1021.062	-15.02	
1021.224	-17.07	
1021.387	16.93	
1021.549	-36.32	
1021.711	-2.73	
1021.874	-7.65	
1022.036	-41.23	
1022.198	-17.07	
1022.36	10.38	
1022.523	6.69	
1022.685	-12.15	
1022.847	15.29	
1023.009	-32.63	
1023.171	-28.54	
1023.333	3.41	
1023.496	-28.54	
1023.658	-25.26	
1023.82	-180.9	
1023.982	-13.38	
1024.144	-22.8	
1024.306	-36.32	
1024.468	-56.39	
1024.63	-33.86	
1024.792	-18.7	
1024.954	5.46	
1025.116	8.74	
1025.278	55.84	
1025.44	14.06	
1025.601	30.86	
1025.763	12.42	
1025.925	0.96	
1026.087	-2.32	
1026.249	-31.81	
1026.41	-37.14	
1026.572	-43.28	
1026.734	25.53	
1026.896	-40.82	
1027.057	-22.39	
1027.219	8.74	
1027.381	-8.87	
1027.542	-11.33	
1027.704	-9.28	
1027.866	-10.92	
1028.027	3.82	
1028.189	-10.92	
1028.35	3	
1028.512	36.18	
1028.673	-31.81	
1028.835	5.46	
1028.996	23.07	
1029.158	-0.68	
1029.319	-45.74	
1029.481	1.37	
1029.642	-78.1	
1029.803	-12.56	
1029.965	-25.26	
1030.126	-67.45	
1030.287	0.14	
1030.449	-19.93	
1030.61	-8.06	
1030.771	-6.83	
1030.933	3.82	
1031.094	-13.38	
1031.255	-9.28	
1031.416	-3.14	
1031.577	-12.15	
1031.738	-36.73	
1031.9	-67.45	
1032.061	-44.1	
1032.222	-14.2	
1032.383	-37.55	
1032.544	-19.52	
1032.705	-6.01	
1032.866	-14.2	
1033.027	-3.55	
1033.188	-12.15	
1033.349	-12.56	
1033.51	12.42	
1033.671	-29.35	
1033.832	-80.14	
1033.993	43.55	
1034.153	17.34	
1034.314	-15.02	
1034.475	-8.46	
1034.636	-51.88	
1034.797	-30.17	
1034.957	-41.64	
1035.118	-38.37	
1035.279	-9.69	
1035.44	-25.67	
1035.6	-28.13	
1035.761	-15.02	
1035.922	-24.85	
1036.082	-28.13	
1036.243	-57.62	
1036.404	3.41	
1036.564	-85.06	
1036.725	9.15	
1036.885	-36.73	
1037.046	20.62	
1037.206	12.01	
1037.367	16.52	
1037.527	21.85	
1037.688	-35.5	
1037.848	6.28	
1038.008	-12.56	
1038.169	0.96	
