Subt_2:202		
345.868	-13.31	
346.082	-13.31	
346.296	-13.31	
346.51	-10.44	
346.724	15.77	
346.937	29.29	
347.151	-10.85	
347.365	-23.96	
347.579	-22.32	
347.793	11.67	
348.006	8.81	
348.22	11.67	
348.434	-12.9	
348.648	-7.58	
348.861	-4.71	
349.075	-12.08	
349.289	32.97	
349.502	26.42	
349.716	-44.03	
349.93	29.7	
350.143	31.33	
350.357	-8.4	
350.571	71.47	
350.784	-6.76	
350.998	7.58	
351.212	39.53	
351.425	-0.61	
351.639	39.94	
351.852	35.84	
352.066	-41.98	
352.28	-7.58	
352.493	-32.15	
352.707	48.13	
352.92	-10.44	
353.134	9.63	
353.347	-37.07	
353.561	2.66	
353.774	3.07	
353.988	-44.44	
354.201	-7.17	
354.415	-29.29	
354.628	-30.11	
354.841	-5.12	
355.055	49.77	
355.268	-47.31	
355.482	-17.41	
355.695	10.04	
355.908	28.06	
356.122	-13.31	
356.335	31.74	
356.549	-28.06	
356.762	-27.65	
356.975	-2.66	
357.189	22.73	
357.402	5.94	
357.615	-2.66	
357.828	-24.78	
358.042	-10.85	
358.255	-1.02	
358.468	-2.66	
358.682	-37.07	
358.895	36.66	
359.108	-28.06	
359.321	21.91	
359.534	15.77	
359.748	-1.43	
359.961	-40.34	
360.174	0.61	
360.387	-11.26	
360.6	-21.91	
360.813	2.66	
361.027	25.19	
361.24	32.56	
361.453	21.09	
361.666	-12.9	
361.879	25.19	
362.092	7.17	
362.305	-33.79	
362.518	6.35	
362.731	-17.82	
362.944	6.35	
363.157	-18.64	
363.37	-7.58	
363.583	-34.2	
363.796	-20.68	
364.009	-31.33	
364.222	7.58	
364.435	10.85	
364.648	9.22	
364.861	-24.37	
365.074	32.97	
365.287	17	
365.5	-42.8	
365.713	51.4	
365.926	5.12	
366.139	30.92	
366.352	1.43	
366.564	-21.91	
366.777	-19.87	
366.99	-9.22	
367.203	32.56	
367.416	-7.17	
367.629	3.48	
367.841	9.63	
368.054	-18.23	
368.267	16.18	
368.48	17.82	
368.693	-22.32	
368.905	-3.89	
369.118	-19.46	
369.331	30.92	
369.544	-12.08	
369.756	12.49	
369.969	-30.51	
370.182	3.48	
370.394	40.34	
370.607	-21.91	
370.82	26.42	
371.032	28.47	
371.245	19.05	
371.458	-55.09	
371.67	10.04	
371.883	-7.99	
372.095	-19.87	
372.308	41.57	
372.52	27.24	
372.733	5.53	
372.946	-5.53	
373.158	-14.54	
373.371	-7.17	
373.583	53.45	
373.796	-4.3	
374.008	-34.2	
374.221	14.95	
374.433	7.17	
374.646	-5.94	
374.858	-12.9	
375.071	6.76	
375.283	-23.55	
375.495	-37.07	
375.708	-2.25	
375.92	18.64	
376.133	5.12	
376.345	-12.49	
376.557	-19.05	
376.77	-52.22	
376.982	5.53	
377.194	-17.41	
377.407	-44.85	
377.619	3.48	
377.831	-0.61	
378.044	24.37	
378.256	-47.31	
378.468	3.07	
378.68	10.44	
378.893	-8.4	
379.105	-31.74	
379.317	13.31	
379.529	-68.61	
379.742	-27.24	
379.954	-37.07	
380.166	-19.87	
380.378	17	
380.59	-17.82	
380.803	-53.04	
381.015	-28.88	
381.227	17.82	
381.439	23.96	
381.651	-3.07	
381.863	17.82	
382.075	1.43	
382.287	8.81	
382.499	-2.66	
382.712	-41.98	
382.924	-20.27	
383.136	8.4	
383.348	-19.87	
383.56	-15.36	
383.772	-24.78	
383.984	15.36	
384.196	-8.81	
384.408	-33.79	
384.62	-21.09	
384.832	121.44	
385.044	-5.12	
385.255	-6.76	
385.467	-9.22	
385.679	-19.05	
385.891	7.17	
386.103	21.09	
386.315	-25.6	
386.527	37.48	
386.739	31.74	
386.951	35.02	
387.162	19.46	
387.374	-7.17	
387.586	-41.16	
387.798	-8.81	
388.01	-55.91	
388.221	-21.5	
388.433	-19.87	
388.645	21.91	
388.857	-20.68	
389.069	40.75	
389.28	-30.92	
389.492	14.13	
389.704	-21.5	
389.915	2.25	
390.127	35.02	
390.339	7.58	
390.55	-53.86	
390.762	25.19	
390.974	-66.56	
391.185	-1.43	
391.397	-47.31	
391.609	17.82	
391.82	-6.35	
392.032	32.15	
392.243	-32.97	
392.455	50.99	
392.667	-25.6	
392.878	19.46	
393.09	-3.89	
393.301	16.18	
393.513	-34.2	
393.724	-1.02	
393.936	-10.44	
394.147	34.61	
394.359	-19.87	
394.57	-23.55	
394.782	26.83	
394.993	-31.74	
395.204	18.64	
395.416	19.87	
395.627	-47.72	
395.839	-18.64	
396.05	-18.23	
396.261	33.38	
396.473	29.7	
396.684	14.13	
396.896	26.01	
397.107	-1.43	
397.318	20.27	
397.529	38.71	
397.741	13.31	
397.952	-0.61	
398.163	17.41	
398.375	-11.26	
398.586	-49.36	
398.797	0.2	
399.008	-38.3	
399.22	6.76	
399.431	-34.2	
399.642	-8.4	
399.853	30.92	
400.064	7.17	
400.276	11.26	
400.487	-6.35	
400.698	22.32	
400.909	47.72	
401.12	49.36	
401.331	36.25	
401.542	-8.81	
401.754	49.36	
401.965	9.63	
402.176	-28.47	
402.387	-14.13	
402.598	-4.3	
402.809	36.25	
403.02	3.48	
403.231	-9.22	
403.442	-14.13	
403.653	30.92	
403.864	-16.59	
404.075	3.07	
404.286	-48.54	
404.497	35.43	
404.708	-0.2	
404.919	5.12	
405.13	-3.07	
405.341	15.36	
405.551	-77.21	
405.762	7.17	
405.973	-3.48	
406.184	44.44	
406.395	-41.57	
406.606	8.81	
406.817	1.84	
407.027	-16.59	
407.238	-12.49	
407.449	-33.38	
407.66	24.78	
407.871	-4.3	
408.081	-12.49	
408.292	-25.6	
408.503	-4.71	
408.714	20.68	
408.924	-50.18	
409.135	-7.99	
409.346	7.58	
409.556	10.44	
409.767	8.81	
409.978	-17.82	
410.188	15.77	
410.399	-8.81	
410.61	-2.66	
410.82	-17	
411.031	36.66	
411.242	-23.96	
411.452	-8.4	
411.663	5.53	
411.873	44.85	
412.084	28.47	
412.295	5.12	
412.505	-8.81	
412.716	42.39	
412.926	14.13	
413.137	-27.65	
413.347	-33.79	
413.558	-6.35	
413.768	-28.06	
413.979	12.08	
414.189	-4.3	
414.399	3.07	
414.61	-18.64	
414.82	-20.27	
415.031	-20.27	
415.241	24.78	
415.451	17.41	
415.662	-31.74	
415.872	11.26	
416.083	-33.79	
416.293	20.68	
416.503	20.68	
416.714	-28.88	
416.924	7.17	
417.134	-69.02	
417.344	-4.71	
417.555	-6.35	
417.765	-2.66	
417.975	9.22	
418.186	-44.03	
418.396	-13.72	
418.606	-23.55	
418.816	-26.42	
419.026	-14.13	
419.237	-9.22	
419.447	-7.17	
419.657	-26.42	
419.867	42.8	
420.077	11.26	
420.287	-30.51	
420.497	17.82	
420.708	33.38	
420.918	1.84	
421.128	1.43	
421.338	-38.71	
421.548	-10.85	
421.758	-29.29	
421.968	44.03	
422.178	-2.25	
422.388	2.66	
422.598	5.94	
422.808	20.27	
423.018	12.9	
423.228	-38.3	
423.438	7.58	
423.648	-27.65	
423.858	41.57	
424.068	40.34	
424.278	-34.2	
424.488	18.64	
424.698	-14.95	
424.907	7.58	
425.117	-12.49	
425.327	23.55	
425.537	18.23	
425.747	1.43	
425.957	78.03	
426.167	5.12	
426.376	-22.73	
426.586	26.01	
426.796	-38.71	
427.006	-23.96	
427.216	-35.43	
427.425	8.4	
427.635	-24.37	
427.845	-32.15	
428.054	-23.55	
428.264	-10.44	
428.474	-29.29	
428.684	-17	
428.893	-13.31	
429.103	10.04	
429.313	-17.41	
429.522	22.32	
429.732	-14.54	
429.941	50.99	
430.151	25.19	
430.361	-26.83	
430.57	3.48	
430.78	23.14	
430.989	1.02	
431.199	-16.18	
431.409	12.08	
431.618	-46.49	
431.828	-30.92	
432.037	52.22	
432.247	4.3	
432.456	-14.54	
432.666	-40.75	
432.875	32.15	
433.084	-21.5	
433.294	-1.02	
433.503	-38.3	
433.713	10.04	
433.922	-44.85	
434.132	31.74	
434.341	5.12	
434.55	31.74	
434.76	-38.71	
434.969	-5.94	
435.178	-1.43	
435.388	-21.5	
435.597	4.3	
435.806	-34.61	
436.016	-47.31	
436.225	-22.73	
436.434	5.53	
436.643	30.11	
436.853	-19.87	
437.062	23.96	
437.271	42.8	
437.48	23.96	
437.69	-5.53	
437.899	-9.63	
438.108	1.43	
438.317	-48.95	
438.526	-16.59	
438.735	15.36	
438.945	21.09	
439.154	-12.9	
439.363	-25.19	
439.572	26.83	
439.781	29.29	
439.99	43.62	
440.199	-55.5	
440.408	42.8	
440.617	32.15	
440.826	-13.72	
441.035	17	
441.244	-72.7	
441.453	27.24	
441.662	26.83	
441.871	-56.32	
442.08	7.17	
442.289	2.66	
442.498	-57.14	
442.707	20.68	
442.916	-5.12	
443.125	-32.56	
443.334	-25.6	
443.543	0.2	
443.752	-38.3	
443.961	46.49	
444.169	-0.2	
444.378	-11.67	
444.587	-36.25	
444.796	-5.94	
445.005	-3.07	
445.213	13.72	
445.422	-24.78	
445.631	-25.6	
445.84	-47.72	
446.049	10.44	
446.257	-0.2	
446.466	17.82	
446.675	-35.02	
446.883	35.43	
447.092	-7.99	
447.301	44.85	
447.51	5.12	
447.718	-18.64	
447.927	37.07	
448.135	0.2	
448.344	-12.9	
448.553	-39.53	
448.761	-10.44	
448.97	-34.2	
449.179	-3.48	
449.387	-2.66	
449.596	-2.66	
449.804	-19.87	
450.013	-26.01	
450.221	11.67	
450.43	-25.19	
450.638	-9.22	
450.847	5.53	
451.055	41.57	
451.264	-11.26	
451.472	34.2	
451.681	2.25	
451.889	11.26	
452.097	-20.27	
452.306	18.23	
452.514	-36.25	
452.723	-18.23	
452.931	-54.68	
453.139	-34.2	
453.348	17.82	
453.556	6.35	
453.764	28.88	
453.973	-7.17	
454.181	-23.14	
454.389	-33.79	
454.598	-13.31	
454.806	29.7	
455.014	-33.38	
455.222	-6.35	
455.431	24.78	
455.639	-31.74	
455.847	7.58	
456.055	-13.72	
456.264	-17.41	
456.472	10.44	
456.68	25.6	
456.888	29.29	
457.096	-5.94	
457.304	0.61	
457.512	-25.19	
457.721	-21.91	
457.929	-20.68	
458.137	1.02	
458.345	-48.95	
458.553	-24.37	
458.761	2.25	
458.969	-26.42	
459.177	7.99	
459.385	28.47	
459.593	12.08	
459.801	9.63	
460.009	-8.81	
460.217	5.53	
460.425	26.42	
460.633	-44.44	
460.841	13.31	
461.049	28.47	
461.257	-20.27	
461.465	18.23	
461.673	-35.84	
461.88	-5.53	
462.088	-25.6	
462.296	17.41	
462.504	12.49	
462.712	4.71	
462.92	34.2	
463.127	-11.26	
463.335	5.94	
463.543	-1.84	
463.751	-9.63	
463.959	13.72	
464.166	-3.48	
464.374	10.04	
464.582	-13.31	
464.79	-16.18	
464.997	10.85	
465.205	30.11	
465.413	-71.06	
465.62	-1.02	
465.828	-32.56	
466.036	1.02	
466.243	-33.38	
466.451	-21.09	
466.658	28.88	
466.866	-38.71	
467.074	10.85	
467.281	-41.57	
467.489	13.31	
467.696	-9.22	
467.904	10.04	
468.111	-21.91	
468.319	-26.42	
468.527	-18.64	
468.734	-85.81	
468.942	30.92	
469.149	30.92	
469.356	-47.31	
469.564	6.76	
469.771	-27.65	
469.979	52.63	
470.186	35.84	
470.394	34.2	
470.601	19.05	
470.808	-19.87	
471.016	-37.48	
471.223	6.76	
471.43	10.44	
471.638	-4.3	
471.845	-21.91	
472.052	-15.77	
472.26	-17	
472.467	-44.85	
472.674	3.48	
472.882	-31.74	
473.089	46.08	
473.296	7.58	
473.503	-9.22	
473.711	-15.77	
473.918	-2.66	
474.125	12.9	
474.332	-14.13	
474.539	44.85	
474.746	28.88	
474.954	10.44	
475.161	-35.84	
475.368	-39.53	
475.575	-18.23	
475.782	27.24	
475.989	-26.83	
476.196	8.4	
476.403	1.02	
476.61	-4.71	
476.817	-17.82	
477.024	7.58	
477.231	16.18	
477.438	-7.99	
477.645	12.49	
477.852	-21.91	
478.059	-23.96	
478.266	28.88	
478.473	-42.39	
478.68	17.82	
478.887	35.84	
479.094	3.07	
479.301	-17	
479.508	-34.2	
479.715	7.99	
479.922	-42.39	
480.129	4.3	
480.335	36.66	
480.542	-10.44	
480.749	-61.23	
480.956	-21.09	
481.163	-13.72	
481.369	1.84	
481.576	41.57	
481.783	-2.25	
481.99	-27.65	
482.196	-66.15	
482.403	-7.17	
482.61	-45.26	
482.817	14.13	
483.023	14.13	
483.23	21.09	
483.437	4.71	
483.643	1.43	
483.85	7.58	
484.057	21.09	
484.263	7.99	
484.47	-4.3	
484.676	-10.85	
484.883	13.31	
485.09	-55.5	
485.296	-10.04	
485.503	21.5	
485.709	-19.46	
485.916	6.35	
486.122	-47.31	
486.329	-30.92	
486.535	-21.09	
486.742	10.44	
486.948	-5.53	
487.155	-29.29	
487.361	4.3	
487.567	36.66	
487.774	-26.01	
487.98	-12.9	
488.187	5.94	
488.393	-23.96	
488.599	-10.44	
488.806	-40.34	
489.012	-24.78	
489.219	-27.65	
489.425	-0.61	
489.631	-51.81	
489.837	-14.95	
490.044	-8.81	
490.25	1.84	
490.456	-11.67	
490.663	-11.67	
490.869	-5.53	
491.075	-20.27	
491.281	-3.48	
491.487	22.73	
491.694	-16.59	
491.9	4.71	
492.106	21.5	
492.312	-1.43	
492.518	-26.01	
492.724	5.94	
492.931	-45.67	
493.137	23.96	
493.343	-8.81	
493.549	-1.43	
493.755	28.06	
493.961	-52.22	
494.167	-6.35	
494.373	-30.11	
494.579	14.54	
494.785	-39.53	
494.991	-39.53	
495.197	-33.38	
495.403	20.27	
495.609	-4.71	
495.815	-35.02	
496.021	1.43	
496.227	-8.81	
496.433	-4.3	
496.639	1.43	
496.845	-0.61	
497.05	9.22	
497.256	-30.51	
497.462	-3.89	
497.668	-28.47	
497.874	-42.39	
498.08	-19.87	
498.286	-10.85	
498.491	-23.96	
498.697	32.15	
498.903	-2.25	
499.109	-9.22	
499.314	26.01	
499.52	-1.84	
499.726	-14.54	
499.932	39.94	
500.137	5.53	
500.343	23.14	
500.549	3.07	
500.754	4.71	
500.96	-2.25	
501.166	17	
501.371	-13.31	
501.577	41.57	
501.782	-3.07	
501.988	-17.82	
502.194	-7.58	
502.399	-18.23	
502.605	26.01	
502.81	-9.63	
503.016	1.02	
503.221	13.31	
503.427	-13.31	
503.632	-28.06	
503.838	24.37	
504.043	-23.96	
504.249	-11.26	
504.454	1.43	
504.66	-24.78	
504.865	47.72	
505.071	7.17	
505.276	-19.05	
505.481	9.63	
505.687	-19.05	
505.892	-33.38	
506.097	-42.8	
506.303	33.38	
506.508	-33.38	
506.713	-0.2	
506.919	10.44	
507.124	4.3	
507.329	-4.71	
507.535	33.38	
507.74	-12.49	
507.945	-18.23	
508.15	6.76	
508.356	-12.9	
508.561	-14.95	
508.766	-37.48	
508.971	-23.96	
509.176	-19.05	
509.381	1.84	
509.587	-13.31	
509.792	-39.12	
509.997	13.31	
510.202	19.46	
510.407	24.37	
510.612	10.44	
510.817	-16.18	
511.022	-30.51	
511.227	-21.5	
511.432	-13.72	
511.637	9.22	
511.842	-35.02	
512.047	-32.56	
512.252	-3.07	
512.457	-29.7	
512.662	-2.66	
512.867	-6.76	
513.072	-29.29	
513.277	3.07	
513.482	21.5	
513.687	31.74	
513.892	12.9	
514.097	36.66	
514.302	12.9	
514.507	-66.97	
514.711	-8.4	
514.916	-21.91	
515.121	6.35	
515.326	-34.61	
515.531	10.44	
515.735	22.73	
515.94	4.3	
516.145	3.07	
516.35	-41.98	
516.554	4.71	
516.759	19.05	
516.964	-15.77	
517.169	-25.6	
517.373	16.59	
517.578	-70.65	
517.783	21.5	
517.987	-28.88	
518.192	-25.19	
518.396	-5.12	
518.601	37.48	
518.806	14.95	
519.01	-17.41	
519.215	-27.65	
519.419	6.35	
519.624	-4.71	
519.829	-44.03	
520.033	1.43	
520.238	0.2	
520.442	-7.99	
520.647	-14.95	
520.851	-18.23	
521.055	-12.08	
521.26	-8.4	
521.464	-29.29	
521.669	-17.82	
521.873	12.08	
522.078	38.71	
522.282	0.2	
522.486	-16.59	
522.691	14.13	
522.895	23.14	
523.099	-17.82	
523.304	-28.06	
523.508	-32.97	
523.712	17.41	
523.917	6.35	
524.121	31.33	
524.325	8.4	
524.53	-10.44	
524.734	23.55	
524.938	5.12	
525.142	-18.64	
525.346	21.5	
525.551	-1.02	
525.755	-3.48	
525.959	21.09	
526.163	22.73	
526.367	-0.61	
526.571	-16.18	
526.776	7.58	
526.98	-44.85	
527.184	-39.53	
527.388	-26.83	
527.592	30.11	
527.796	23.96	
528	-42.39	
528.204	-26.83	
528.408	8.4	
528.612	-11.26	
528.816	-39.53	
529.02	-44.44	
529.224	-21.5	
529.428	4.3	
529.632	-45.26	
529.836	-11.67	
530.04	12.08	
530.244	-5.94	
530.448	60.01	
530.652	22.32	
530.855	30.11	
531.059	-12.49	
531.263	-3.89	
531.467	13.72	
531.671	19.05	
531.875	-2.25	
532.078	11.26	
532.282	-6.35	
532.486	17	
532.69	-30.51	
532.893	33.38	
533.097	-7.99	
533.301	6.76	
533.505	11.67	
533.708	-19.05	
533.912	10.85	
534.116	-31.74	
534.319	-50.18	
534.523	-35.43	
534.727	-7.99	
534.93	16.18	
535.134	-23.96	
535.338	11.67	
535.541	-43.62	
535.745	-4.71	
535.948	3.48	
536.152	38.71	
536.355	14.95	
536.559	68.61	
536.762	-10.85	
536.966	7.58	
537.169	-47.72	
537.373	-15.36	
537.576	-32.56	
537.78	9.22	
537.983	-1.84	
538.187	23.55	
538.39	18.64	
538.593	12.08	
538.797	-10.04	
539	34.2	
539.204	2.66	
539.407	-41.57	
539.61	-26.01	
539.814	50.99	
540.017	-14.13	
540.22	-32.56	
540.424	0.61	
540.627	-40.75	
540.83	-18.64	
541.033	10.44	
541.237	-7.58	
541.44	-7.58	
541.643	11.67	
541.846	-8.81	
542.049	-19.87	
542.253	-30.51	
542.456	-1.02	
542.659	1.02	
542.862	14.54	
543.065	-27.24	
543.268	-28.06	
543.471	10.85	
543.674	30.92	
543.878	-40.34	
544.081	-16.18	
544.284	3.89	
544.487	-6.76	
544.69	-23.55	
544.893	22.32	
545.096	-24.37	
545.299	17.82	
545.502	2.66	
545.705	32.97	
545.908	-20.68	
546.111	6.35	
546.314	-39.12	
546.516	6.76	
546.719	-54.68	
546.922	27.24	
547.125	-7.99	
547.328	-43.21	
547.531	35.84	
547.734	-39.94	
547.936	-24.78	
548.139	-31.74	
548.342	60.42	
548.545	-12.49	
548.748	11.26	
548.95	24.78	
549.153	10.85	
549.356	-11.67	
549.559	0.2	
549.761	-7.58	
549.964	-19.87	
550.167	30.11	
550.369	-19.87	
550.572	-3.07	
550.775	14.95	
550.977	-14.54	
551.18	1.43	
551.383	-45.26	
551.585	51.81	
551.788	-17	
551.99	19.05	
552.193	3.48	
552.396	-5.12	
552.598	-14.54	
552.801	2.25	
553.003	-7.58	
553.206	5.94	
553.408	22.32	
553.611	-36.25	
553.813	-53.04	
554.015	14.95	
554.218	-23.96	
554.42	-16.18	
554.623	-80.89	
554.825	-16.18	
555.027	-10.04	
555.23	-2.25	
555.432	-3.48	
555.635	-6.35	
555.837	30.11	
556.039	-23.55	
556.242	-11.26	
556.444	17.82	
556.646	-10.04	
556.848	23.96	
557.051	-52.22	
557.253	-28.88	
557.455	5.53	
557.657	-37.48	
557.86	18.64	
558.062	-12.9	
558.264	-8.4	
558.466	15.36	
558.668	-10.85	
558.87	17.82	
559.073	-9.63	
559.275	19.87	
559.477	-19.87	
559.679	16.18	
559.881	-9.63	
560.083	5.12	
560.285	33.38	
560.487	-7.58	
560.689	2.66	
560.891	1.02	
561.093	-12.9	
561.295	-54.68	
561.497	14.95	
561.699	-7.17	
561.901	-15.77	
562.103	36.25	
562.305	42.8	
562.507	5.94	
562.709	-8.81	
562.911	-5.94	
563.113	32.97	
563.314	-8.4	
563.516	-62.87	
563.718	-19.87	
563.92	-22.32	
564.122	13.31	
564.323	-8.81	
564.525	40.75	
564.727	23.96	
564.929	6.35	
565.131	23.96	
565.332	-37.48	
565.534	-19.05	
565.736	-19.46	
565.937	-7.58	
566.139	3.89	
566.341	7.99	
566.542	2.66	
566.744	-1.84	
566.946	19.05	
567.147	0.2	
567.349	-11.26	
567.551	27.65	
567.752	-21.09	
567.954	-3.48	
568.155	2.66	
568.357	-9.63	
568.558	-69.43	
568.76	-39.12	
568.961	3.89	
569.163	-61.23	
569.364	-14.54	
569.566	9.22	
569.767	-7.99	
569.969	-2.25	
570.17	1.43	
570.372	20.68	
570.573	-13.31	
570.774	-12.9	
570.976	-38.71	
571.177	-42.39	
571.378	-14.54	
571.58	4.3	
571.781	11.26	
571.982	-9.63	
572.184	-15.77	
572.385	4.71	
572.586	-10.04	
572.788	-19.05	
572.989	-5.94	
573.19	-45.26	
573.391	-28.47	
573.592	32.97	
573.794	-19.46	
573.995	-15.36	
574.196	-37.07	
574.397	18.23	
574.598	8.81	
574.799	18.23	
575.001	15.77	
575.202	11.67	
575.403	11.67	
575.604	-9.63	
575.805	-53.86	
576.006	-4.71	
576.207	-14.95	
576.408	-7.17	
576.609	-34.2	
576.81	30.11	
577.011	-58.37	
577.212	-8.81	
577.413	-36.66	
577.614	-30.11	
577.815	-37.48	
578.016	-36.25	
578.217	69.84	
578.418	-31.74	
578.619	-12.9	
578.819	-7.99	
579.02	-3.07	
579.221	-12.49	
579.422	5.94	
579.623	-23.96	
579.824	-7.17	
580.024	-24.78	
580.225	12.49	
580.426	7.58	
580.627	-12.49	
580.827	33.79	
581.028	2.66	
581.229	-2.66	
581.43	13.72	
581.63	-65.74	
581.831	-13.72	
582.032	-30.92	
582.232	-27.24	
582.433	29.7	
582.634	36.25	
582.834	-10.04	
583.035	-13.31	
583.235	-46.08	
583.436	2.25	
583.636	-13.31	
583.837	14.13	
584.038	-28.06	
584.238	-6.76	
584.439	-39.12	
584.639	-24.78	
584.84	-14.95	
585.04	-17.82	
585.241	-9.22	
585.441	16.18	
585.641	28.47	
585.842	3.07	
586.042	17.41	
586.243	41.16	
586.443	13.31	
586.643	23.96	
586.844	-53.04	
587.044	-69.02	
587.244	-42.39	
587.445	-36.25	
587.645	-1.02	
587.845	-16.18	
588.046	67.79	
588.246	12.49	
588.446	-18.64	
588.646	-41.98	
588.847	5.94	
589.047	-12.08	
589.247	-36.25	
589.447	-7.58	
589.647	-28.06	
589.847	-23.14	
590.048	-6.35	
590.248	-45.26	
590.448	-39.12	
590.648	45.26	
590.848	-32.56	
591.048	0.2	
591.248	-12.9	
591.448	-29.29	
591.648	-46.9	
591.848	24.37	
592.048	5.94	
592.248	37.89	
592.448	-27.24	
592.648	-28.47	
592.848	1.84	
593.048	18.64	
593.248	-3.48	
593.448	-19.87	
593.648	25.6	
593.848	28.47	
594.048	-75.57	
594.248	-35.02	
594.447	-27.65	
594.647	-3.48	
594.847	5.12	
595.047	14.54	
595.247	-1.84	
595.447	-1.02	
595.646	-1.84	
595.846	-14.13	
596.046	15.36	
596.246	-9.22	
596.445	-52.63	
596.645	-22.73	
596.845	43.62	
597.044	-4.71	
597.244	-8.81	
597.444	42.8	
597.643	16.59	
597.843	-14.54	
598.043	14.13	
598.242	10.04	
598.442	-19.46	
598.641	-14.54	
598.841	22.32	
599.041	-4.3	
599.24	-1.84	
599.44	32.56	
599.639	-16.59	
599.839	40.34	
600.038	21.91	
600.238	11.26	
600.437	71.88	
600.637	-5.94	
600.836	44.03	
601.035	39.12	
601.235	52.22	
601.434	14.13	
601.634	-0.2	
601.833	-14.13	
602.032	13.31	
602.232	55.5	
602.431	9.63	
602.63	25.6	
602.83	71.88	
603.029	60.01	
603.228	67.79	
603.427	38.71	
603.627	35.84	
603.826	2.25	
604.025	61.64	
604.224	46.08	
604.424	40.34	
604.623	55.5	
604.822	20.68	
605.021	78.85	
605.22	34.2	
605.419	64.51	
605.618	77.62	
605.818	75.57	
606.017	68.61	
606.216	88.27	
606.415	67.79	
606.614	78.85	
606.813	80.89	
607.012	88.68	
607.211	96.46	
607.41	70.65	
607.609	105.06	
607.808	95.64	
608.007	85.81	
608.206	138.65	
608.405	44.85	
608.604	86.22	
608.802	100.15	
609.001	84.99	
609.2	105.47	
609.399	71.88	
609.598	105.06	
609.797	131.27	
609.996	98.1	
610.194	110.8	
610.393	116.12	
610.592	122.67	
610.791	85.4	
610.99	133.73	
611.188	118.58	
611.387	150.53	
611.586	141.92	
611.784	147.25	
611.983	146.43	
612.182	123.08	
612.38	145.2	
612.579	134.14	
612.778	186.16	
612.976	143.97	
613.175	172.23	
613.374	110.39	
613.572	144.79	
613.771	141.11	
613.969	130.46	
614.168	136.6	
614.366	175.51	
614.565	112.02	
614.763	188.62	
614.962	129.64	
615.16	168.55	
615.359	153.39	
615.557	146.84	
615.756	167.32	
615.954	75.57	
616.153	150.94	
616.351	146.84	
616.549	174.69	
616.748	152.16	
616.946	140.29	
617.144	168.96	
617.343	147.66	
617.541	146.02	
617.739	211.15	
617.938	121.03	
618.136	172.23	
618.334	170.19	
618.532	131.68	
618.731	147.25	
618.929	164.04	
619.127	146.02	
619.325	161.58	
619.523	148.48	
619.722	128	
619.92	159.95	
620.118	157.08	
620.316	130.05	
620.514	150.12	
620.712	142.74	
620.91	115.3	
621.108	180.84	
621.306	122.26	
621.505	137.01	
621.703	112.84	
621.901	109.98	
622.099	124.31	
622.297	125.95	
622.495	151.34	
622.693	113.25	
622.89	143.97	
623.088	106.7	
623.286	117.35	
623.484	112.02	
623.682	132.09	
623.88	118.58	
624.078	87.45	
624.276	134.96	
624.474	92.77	
624.671	98.51	
624.869	112.02	
625.067	66.15	
625.265	146.84	
625.463	113.66	
625.66	134.55	
625.858	89.5	
626.056	108.34	
626.254	96.05	
626.451	92.36	
626.649	100.15	
626.847	53.45	
627.044	106.29	
627.242	125.54	
627.44	125.95	
627.637	105.88	
627.835	126.36	
628.032	151.34	
628.23	106.29	
628.428	154.62	
628.625	99.33	
628.823	73.93	
629.02	100.56	
629.218	95.23	
629.415	78.44	
629.613	66.15	
629.81	87.86	
630.008	75.98	
630.205	72.29	
630.403	112.43	
630.6	49.77	
630.797	104.24	
630.995	26.01	
631.192	75.16	
631.39	50.99	
631.587	105.47	
631.784	76.39	
631.982	84.17	
632.179	55.5	
632.376	88.68	
632.574	57.55	
632.771	54.27	
632.968	75.16	
633.165	60.82	
633.363	89.91	
633.56	72.29	
633.757	31.74	
633.954	66.97	
634.151	49.36	
634.349	72.7	
634.546	46.49	
634.743	68.2	
634.94	73.11	
635.137	43.21	
635.334	14.13	
635.531	19.46	
635.728	89.09	
635.925	51.4	
636.122	27.24	
636.319	32.97	
636.516	39.94	
636.713	46.08	
636.91	60.01	
637.107	83.76	
637.304	49.77	
637.501	47.72	
637.698	-11.26	
637.895	56.32	
638.092	53.45	
638.289	46.49	
638.486	46.9	
638.683	39.12	
638.88	80.89	
639.076	5.12	
639.273	22.73	
639.47	55.5	
639.667	21.5	
639.864	63.69	
640.06	89.09	
640.257	38.3	
640.454	3.48	
640.651	53.04	
640.847	46.9	
641.044	5.53	
641.241	51.81	
641.437	37.48	
641.634	63.69	
641.831	36.25	
642.027	17	
642.224	-56.32	
642.421	75.16	
642.617	10.85	
642.814	57.55	
643.01	19.05	
643.207	57.14	
643.403	1.43	
643.6	-6.76	
643.796	75.98	
643.993	19.87	
644.189	46.49	
644.386	2.25	
644.582	-5.94	
644.779	18.23	
644.975	28.88	
645.172	-4.3	
645.368	37.89	
645.564	52.63	
645.761	60.01	
645.957	55.91	
646.153	7.99	
646.35	42.39	
646.546	21.09	
646.742	27.65	
646.939	26.01	
647.135	59.6	
647.331	8.81	
647.527	-42.8	
647.724	40.75	
647.92	-7.17	
648.116	14.54	
648.312	3.89	
648.509	46.08	
648.705	-50.99	
648.901	28.88	
649.097	-11.67	
649.293	-28.06	
649.489	22.73	
649.685	0.61	
649.881	-2.66	
650.077	5.94	
650.274	26.83	
650.47	-10.44	
650.666	-7.58	
650.862	5.12	
651.058	25.19	
651.254	-8.81	
651.45	-1.02	
651.645	8.4	
651.841	50.58	
652.037	48.95	
652.233	44.03	
652.429	48.13	
652.625	30.51	
652.821	31.33	
653.017	12.9	
653.213	-7.58	
653.408	51.81	
653.604	21.91	
653.8	61.64	
653.996	-6.35	
654.192	23.55	
654.387	5.53	
654.583	28.06	
654.779	-6.76	
654.975	7.17	
655.17	1.84	
655.366	41.57	
655.562	7.17	
655.757	44.03	
655.953	27.65	
656.149	13.31	
656.344	-16.18	
656.54	-21.09	
656.735	47.31	
656.931	48.95	
657.127	-1.84	
657.322	35.43	
657.518	-21.09	
657.713	21.09	
657.909	20.68	
658.104	-14.54	
658.3	15.77	
658.495	-27.24	
658.691	7.99	
658.886	11.26	
659.082	-5.12	
659.277	4.71	
659.472	15.77	
659.668	-17	
659.863	26.01	
660.059	-0.61	
660.254	-26.42	
660.449	7.58	
660.644	1.84	
660.84	53.45	
661.035	-18.64	
661.23	-12.08	
661.426	3.89	
661.621	-2.25	
661.816	-2.25	
662.011	-20.68	
662.207	-23.14	
662.402	7.99	
662.597	-1.84	
662.792	-56.32	
662.987	8.81	
663.182	-17	
663.377	9.63	
663.573	-15.36	
663.768	18.64	
663.963	-2.25	
664.158	-3.89	
664.353	19.87	
664.548	-5.53	
664.743	8.4	
664.938	16.18	
665.133	25.19	
665.328	-29.29	
665.523	0.61	
665.718	-64.92	
665.913	38.3	
666.108	-11.26	
666.303	-32.56	
666.498	1.84	
666.692	-22.32	
666.887	-13.72	
667.082	1.84	
667.277	36.66	
667.472	0.2	
667.667	20.68	
667.861	16.18	
668.056	16.18	
668.251	4.3	
668.446	8.81	
668.64	-10.44	
668.835	46.08	
669.03	-1.84	
669.225	-38.3	
669.419	33.38	
669.614	30.92	
669.809	19.05	
670.003	-11.67	
670.198	19.87	
670.393	17.41	
670.587	24.37	
670.782	-15.77	
670.976	13.31	
671.171	15.36	
671.365	2.66	
671.56	-30.11	
671.754	-29.7	
671.949	18.23	
672.143	1.43	
672.338	-39.94	
672.532	18.64	
672.727	36.25	
672.921	12.49	
673.116	-11.67	
673.31	-48.13	
673.504	-35.02	
673.699	19.05	
673.893	17.82	
674.088	-3.48	
674.282	-5.94	
674.476	-39.12	
674.67	-29.29	
674.865	-45.67	
675.059	12.49	
675.253	-2.25	
675.448	-37.48	
675.642	44.44	
675.836	-9.22	
676.03	26.01	
676.224	-41.57	
676.419	23.55	
676.613	-14.95	
676.807	-4.71	
677.001	26.01	
677.195	13.31	
677.389	-12.08	
677.583	-10.85	
677.777	0.2	
677.972	7.58	
678.166	-5.94	
678.36	-13.31	
678.554	22.73	
678.748	-1.43	
678.942	19.87	
679.136	19.05	
679.33	23.55	
679.524	-10.85	
679.717	34.2	
679.911	-10.85	
680.105	23.14	
680.299	14.54	
680.493	43.21	
680.687	-14.54	
680.881	26.83	
681.075	-2.25	
681.268	-13.72	
681.462	-28.47	
681.656	-3.48	
681.85	31.74	
682.044	-15.77	
682.237	-5.12	
682.431	76.39	
682.625	-11.67	
682.819	12.08	
683.012	56.73	
683.206	17.41	
683.4	37.07	
683.593	49.77	
683.787	21.91	
683.981	-1.84	
684.174	-46.9	
684.368	26.01	
684.561	21.09	
684.755	-6.35	
684.948	37.07	
685.142	-30.11	
685.335	2.25	
685.529	-5.12	
685.722	-1.84	
685.916	2.66	
686.109	-6.35	
686.303	23.14	
686.496	19.05	
686.69	32.97	
686.883	-1.02	
687.077	-70.65	
687.27	-18.64	
687.463	9.22	
687.657	10.04	
687.85	13.31	
688.043	-19.05	
688.237	-24.78	
688.43	50.18	
688.623	11.67	
688.816	-24.78	
689.01	51.81	
689.203	-1.02	
689.396	-18.23	
689.589	4.71	
689.783	-21.91	
689.976	13.72	
690.169	75.16	
690.362	-19.46	
690.555	-37.89	
690.748	35.02	
690.941	-14.13	
691.135	0.61	
691.328	29.7	
691.521	8.81	
691.714	-0.61	
691.907	-22.73	
692.1	-13.31	
692.293	2.25	
692.486	-23.96	
692.679	-39.12	
692.872	2.25	
693.065	-36.66	
693.258	-19.46	
693.451	-2.25	
693.644	-24.37	
693.836	17	
694.029	7.17	
694.222	3.07	
694.415	-8.81	
694.608	-6.76	
694.801	-17.41	
694.993	-19.46	
695.186	1.84	
695.379	29.7	
695.572	-21.5	
695.765	30.92	
695.957	-19.46	
696.15	-17.41	
696.343	10.85	
696.535	-1.02	
696.728	-13.31	
696.921	5.94	
697.113	48.13	
697.306	-13.31	
697.499	14.13	
697.691	-36.25	
697.884	-2.66	
698.076	1.43	
698.269	10.44	
698.462	14.54	
698.654	15.36	
698.847	-43.21	
699.039	14.13	
699.232	-5.12	
699.424	-16.18	
699.617	-2.25	
699.809	-23.55	
700.001	-44.44	
700.194	-24.78	
700.386	-5.94	
700.579	-0.2	
700.771	-9.22	
700.963	2.25	
701.156	-33.79	
701.348	-70.65	
701.54	-29.29	
701.733	-24.78	
701.925	-26.42	
702.117	-25.19	
702.309	39.53	
702.502	39.12	
702.694	5.12	
702.886	24.78	
703.078	1.02	
703.271	13.72	
703.463	-1.43	
703.655	5.12	
703.847	-4.71	
704.039	5.12	
704.231	28.47	
704.423	33.79	
704.615	-21.09	
704.808	-7.17	
705	-23.14	
705.192	-11.26	
705.384	-3.07	
705.576	-30.51	
705.768	-18.23	
705.96	-5.53	
706.152	-15.36	
706.344	4.3	
706.536	0.2	
706.727	6.76	
706.919	-53.86	
707.111	-21.91	
707.303	32.97	
707.495	8.81	
707.687	-16.18	
707.879	49.77	
708.071	17.82	
708.262	3.89	
708.454	-29.29	
708.646	9.63	
708.838	42.8	
709.029	-16.59	
709.221	-9.22	
709.413	-10.04	
709.605	15.36	
709.796	-5.53	
709.988	-3.07	
710.18	21.09	
710.371	30.51	
710.563	11.26	
710.755	-47.31	
710.946	-4.71	
711.138	21.5	
711.329	21.09	
711.521	-7.58	
711.712	-2.25	
711.904	-12.08	
712.095	-35.84	
712.287	-1.84	
712.478	-10.85	
712.67	-25.6	
712.861	-21.91	
713.053	33.79	
713.244	-1.02	
713.436	23.55	
713.627	41.98	
713.818	-8.81	
714.01	9.63	
714.201	-45.26	
714.393	-3.89	
714.584	-28.47	
714.775	-30.51	
714.966	-14.95	
715.158	13.72	
715.349	12.49	
715.54	-0.2	
715.732	1.84	
715.923	-45.67	
716.114	17	
716.305	1.02	
716.496	-64.1	
716.688	-41.98	
716.879	21.09	
717.07	49.36	
717.261	19.87	
717.452	-19.87	
717.643	-10.04	
717.834	2.25	
718.025	-18.23	
718.216	3.48	
718.407	16.18	
718.598	-21.5	
718.789	12.08	
718.98	-24.78	
719.171	13.31	
719.362	-10.44	
719.553	35.84	
719.744	-5.12	
719.935	-43.21	
720.126	25.6	
720.317	31.33	
720.508	-32.97	
720.699	3.89	
720.889	6.76	
721.08	-28.06	
721.271	-33.79	
721.462	2.25	
721.653	21.09	
721.843	-27.65	
722.034	18.23	
722.225	-43.21	
722.416	-41.57	
722.606	-0.2	
722.797	21.5	
722.988	0.61	
723.178	-47.72	
723.369	26.42	
723.56	-16.18	
723.75	-24.78	
723.941	43.21	
724.132	-3.89	
724.322	6.76	
724.513	12.49	
724.703	15.36	
724.894	-35.84	
725.084	-9.22	
725.275	-10.44	
725.465	38.3	
725.656	5.53	
725.846	2.25	
726.037	-27.24	
726.227	33.38	
726.417	3.07	
726.608	-19.46	
726.798	-23.55	
726.989	-19.46	
727.179	43.62	
727.369	-28.47	
727.56	10.85	
727.75	-24.37	
727.94	-25.19	
728.131	32.97	
728.321	3.89	
728.511	39.53	
728.701	10.85	
728.892	-16.59	
729.082	-32.56	
729.272	-33.79	
729.462	10.85	
729.652	-9.22	
729.842	33.79	
730.033	-20.27	
730.223	-15.36	
730.413	10.85	
730.603	-12.08	
730.793	-13.31	
730.983	9.63	
731.173	12.9	
731.363	23.14	
731.553	2.25	
731.743	5.94	
731.933	-5.53	
732.123	6.35	
732.313	12.9	
732.503	-14.95	
732.693	31.74	
732.883	37.89	
733.073	14.95	
733.263	-10.44	
733.452	-22.32	
733.642	-12.49	
733.832	-15.77	
734.022	39.94	
734.212	-3.48	
734.402	22.32	
734.591	17.82	
734.781	-0.61	
734.971	23.14	
735.161	-44.03	
735.35	26.01	
735.54	-10.04	
735.73	-13.31	
735.919	23.55	
736.109	-8.81	
736.299	24.78	
736.488	17.82	
736.678	-14.95	
736.867	2.66	
737.057	-0.2	
737.247	3.48	
737.436	-17.82	
737.626	-30.51	
737.815	23.96	
738.005	-7.99	
738.194	3.48	
738.384	-33.79	
738.573	10.85	
738.763	-19.87	
738.952	-28.88	
739.141	14.54	
739.331	-28.06	
739.52	-13.31	
739.71	-14.54	
739.899	-14.13	
740.088	36.66	
740.278	-12.49	
740.467	-23.14	
740.656	25.19	
740.846	-21.09	
741.035	-37.89	
741.224	-44.85	
741.413	-28.06	
741.603	-16.18	
741.792	-28.06	
741.981	-37.07	
742.17	-3.07	
742.359	-10.04	
742.548	-52.22	
742.738	-51.81	
742.927	-10.44	
743.116	-8.4	
743.305	17	
743.494	10.04	
743.683	3.48	
743.872	-28.06	
744.061	-12.49	
744.25	-14.95	
744.439	18.64	
744.628	-19.87	
744.817	37.07	
745.006	0.61	
745.195	13.31	
745.384	26.01	
745.573	1.43	
745.762	7.17	
745.951	-5.53	
746.139	6.76	
746.328	-1.84	
746.517	0.61	
746.706	-9.63	
746.895	-55.5	
747.084	-54.27	
747.272	-11.26	
747.461	6.76	
747.65	-38.3	
747.839	-25.6	
748.027	-30.51	
748.216	81.3	
748.405	48.95	
748.593	-30.92	
748.782	17.41	
748.971	13.31	
749.159	-5.94	
749.348	-38.3	
749.536	-2.66	
749.725	22.32	
749.914	-22.73	
750.102	23.55	
750.291	12.08	
750.479	-19.05	
750.668	15.36	
750.856	17	
751.045	27.24	
751.233	55.5	
751.421	12.08	
751.61	1.02	
751.798	10.44	
751.987	26.83	
752.175	34.2	
752.363	-8.4	
752.552	5.12	
752.74	-4.71	
752.928	27.65	
753.117	2.66	
753.305	-21.09	
753.493	-25.19	
753.682	17.82	
753.87	-16.59	
754.058	40.75	
754.246	-16.59	
754.434	23.14	
754.623	-37.89	
754.811	-3.07	
754.999	49.36	
755.187	5.94	
755.375	-50.99	
755.563	-8.81	
755.751	-16.59	
755.94	-24.37	
756.128	13.72	
756.316	-36.66	
756.504	22.32	
756.692	-29.7	
756.88	-42.39	
757.068	17.82	
757.256	-15.77	
757.444	13.72	
757.632	12.08	
757.819	-10.04	
758.007	-8.81	
758.195	-32.97	
758.383	-23.55	
758.571	-30.51	
758.759	-4.71	
758.947	-4.3	
759.135	-34.61	
759.322	-4.71	
759.51	1.84	
759.698	-54.27	
759.886	-11.26	
760.073	-13.72	
760.261	11.67	
760.449	-35.43	
760.637	-19.05	
760.824	2.66	
761.012	-1.02	
761.2	19.05	
761.387	1.02	
761.575	20.68	
761.762	-1.43	
761.95	-7.17	
762.138	29.7	
762.325	0.2	
762.513	40.34	
762.7	-13.31	
762.888	52.22	
763.075	-14.13	
763.263	44.85	
763.45	-26.83	
763.638	-32.97	
763.825	55.5	
764.012	5.53	
764.2	-12.49	
764.387	7.58	
764.575	0.61	
764.762	1.84	
764.949	-7.17	
765.137	-18.64	
765.324	24.37	
765.511	14.54	
765.699	-6.35	
765.886	-17.41	
766.073	-20.68	
766.26	3.07	
766.448	45.67	
766.635	-61.64	
766.822	-26.01	
767.009	33.79	
767.196	-19.46	
767.383	-1.84	
767.571	25.6	
767.758	35.84	
767.945	19.87	
768.132	-30.92	
768.319	28.06	
768.506	-22.32	
768.693	5.53	
768.88	-7.58	
769.067	15.36	
769.254	-12.08	
769.441	21.09	
769.628	14.54	
769.815	-69.43	
770.002	10.04	
770.189	0.2	
770.376	-2.25	
770.563	-68.2	
770.75	32.56	
770.936	21.91	
771.123	-2.25	
771.31	-26.01	
771.497	-3.89	
771.684	8.4	
771.87	7.17	
772.057	-54.27	
772.244	17	
772.431	9.63	
772.617	5.94	
772.804	-32.15	
772.991	18.64	
773.177	-35.43	
773.364	-14.13	
773.551	-14.54	
773.737	-9.63	
773.924	-46.49	
774.111	21.91	
774.297	17.82	
774.484	0.2	
774.67	-34.2	
774.857	6.35	
775.043	12.9	
775.23	-11.26	
775.416	-14.13	
775.603	-6.76	
775.789	7.17	
775.976	-12.49	
776.162	-27.24	
776.349	-26.01	
776.535	17.41	
776.721	-11.67	
776.908	-1.84	
777.094	-9.22	
777.28	-17.41	
777.467	3.48	
777.653	-2.25	
777.839	-20.27	
778.025	19.87	
778.212	-29.29	
778.398	-0.2	
778.584	10.85	
778.77	7.58	
778.957	-3.89	
779.143	4.71	
779.329	-23.55	
779.515	-10.04	
779.701	-18.64	
779.887	-59.6	
780.073	48.54	
780.26	-25.19	
780.446	-33.38	
780.632	24.78	
780.818	26.42	
781.004	-11.26	
781.19	-50.18	
781.376	-29.7	
781.562	5.94	
781.748	6.76	
781.934	1.84	
782.12	-6.35	
782.305	30.11	
782.491	31.74	
782.677	-7.17	
782.863	-20.27	
783.049	-62.87	
783.235	-47.72	
783.421	-18.64	
783.606	-36.25	
783.792	-18.64	
783.978	41.57	
784.164	23.14	
784.349	-19.05	
784.535	-23.55	
784.721	8.81	
784.907	-4.3	
785.092	12.9	
785.278	7.58	
785.464	-23.14	
785.649	18.64	
785.835	-24.37	
786.02	-5.53	
786.206	-51.4	
786.392	3.89	
786.577	12.49	
786.763	-7.99	
786.948	19.87	
787.134	-7.99	
787.319	-11.67	
787.505	-7.17	
787.69	-40.75	
787.876	-19.05	
788.061	1.43	
788.246	-19.05	
788.432	-12.08	
788.617	-26.83	
788.803	1.84	
788.988	1.84	
789.173	-32.15	
789.359	-27.24	
789.544	18.23	
789.729	-23.96	
789.915	-43.62	
790.1	-2.25	
790.285	-3.48	
790.47	-1.43	
790.655	-29.29	
790.841	7.99	
791.026	-27.65	
791.211	54.27	
791.396	-7.99	
791.581	9.22	
791.766	17.82	
791.952	2.25	
792.137	-11.67	
792.322	26.83	
792.507	5.12	
792.692	-1.02	
792.877	70.25	
793.062	19.87	
793.247	-2.25	
793.432	-39.53	
793.617	-7.99	
793.802	-30.51	
793.987	-20.68	
794.172	-10.44	
794.356	29.7	
794.541	11.67	
794.726	-9.63	
794.911	10.04	
795.096	-7.99	
795.281	-5.53	
795.466	-43.62	
795.65	15.77	
795.835	-45.26	
796.02	23.55	
796.205	-14.13	
796.389	7.17	
796.574	16.59	
796.759	-10.04	
796.943	-14.54	
797.128	-45.26	
797.313	7.58	
797.497	-37.89	
797.682	-46.9	
797.867	0.61	
798.051	-30.92	
798.236	12.49	
798.42	2.66	
798.605	-7.17	
798.789	18.64	
798.974	-3.89	
799.158	-4.3	
799.343	-6.35	
799.527	-28.06	
799.712	23.14	
799.896	1.02	
800.081	18.23	
800.265	7.58	
800.449	-15.36	
800.634	-58.78	
800.818	3.48	
801.002	-2.25	
801.187	-39.12	
801.371	16.59	
801.555	-30.11	
801.74	13.72	
801.924	-7.58	
802.108	-25.19	
802.292	-5.53	
802.477	-8.81	
802.661	27.24	
802.845	18.23	
803.029	-10.04	
803.213	-9.22	
803.397	16.18	
803.581	23.96	
803.766	-1.43	
803.95	19.46	
804.134	-15.36	
804.318	-38.3	
804.502	-17.41	
804.686	50.18	
804.87	24.78	
805.054	2.66	
805.238	-8.4	
805.422	7.58	
805.606	8.81	
805.79	-12.49	
805.973	18.64	
806.157	-16.59	
806.341	25.19	
806.525	1.84	
806.709	-3.89	
806.893	13.31	
807.077	-22.73	
807.26	7.58	
807.444	1.43	
807.628	5.12	
807.812	-29.29	
807.995	21.5	
808.179	6.76	
808.363	-23.96	
808.546	-10.85	
808.73	-16.18	
808.914	-26.83	
809.097	-14.95	
809.281	32.97	
809.465	-16.18	
809.648	5.12	
809.832	-19.87	
810.015	-33.79	
810.199	-18.64	
810.382	21.09	
810.566	6.76	
810.749	49.36	
810.933	-4.3	
811.116	-6.35	
811.3	-13.72	
811.483	-30.51	
811.667	-1.43	
811.85	-27.24	
812.034	-9.22	
812.217	7.58	
812.4	-45.67	
812.584	-1.84	
812.767	-30.51	
812.95	31.74	
813.133	3.89	
813.317	-13.31	
813.5	28.47	
813.683	3.07	
813.866	31.33	
814.05	9.22	
814.233	-42.39	
814.416	-18.64	
814.599	-21.5	
814.782	-4.71	
814.965	-44.03	
815.149	29.29	
815.332	-38.71	
815.515	-16.59	
815.698	-12.49	
815.881	-41.57	
816.064	-13.72	
816.247	-3.07	
816.43	-12.49	
816.613	-26.01	
816.796	-10.44	
816.979	-12.9	
817.162	-12.49	
817.345	-9.22	
817.528	7.58	
817.711	0.2	
817.893	-37.89	
818.076	12.08	
818.259	-3.48	
818.442	-1.02	
818.625	-12.08	
818.808	-11.26	
818.99	-21.5	
819.173	12.9	
819.356	14.13	
819.539	-7.58	
819.721	26.01	
819.904	-21.5	
820.087	4.3	
820.269	10.04	
820.452	19.87	
820.635	24.78	
820.817	-17.41	
821	4.3	
821.182	0.61	
821.365	-38.3	
821.548	38.71	
821.73	-65.33	
821.913	0.61	
822.095	-19.87	
822.278	-17.82	
822.46	11.67	
822.642	-17.41	
822.825	-5.12	
823.007	-16.59	
823.19	22.32	
823.372	-12.49	
823.555	4.71	
823.737	-41.57	
823.919	3.48	
824.102	-17	
824.284	-7.17	
824.466	6.35	
824.648	-35.02	
824.831	-20.27	
825.013	-4.3	
825.195	3.07	
825.377	-24.78	
825.56	-32.97	
825.742	-10.04	
825.924	3.89	
826.106	-47.31	
826.288	30.11	
826.47	13.31	
826.652	32.15	
826.835	-39.94	
827.017	-30.51	
827.199	21.91	
827.381	21.09	
827.563	29.7	
827.745	-1.43	
827.927	-34.61	
828.109	-2.25	
828.291	4.3	
828.473	-7.17	
828.655	-17	
828.836	-19.87	
829.018	9.22	
829.2	6.35	
829.382	-2.25	
829.564	17.82	
829.746	1.84	
829.928	-25.19	
830.109	-14.13	
830.291	-33.79	
830.473	-7.99	
830.655	-3.48	
830.836	-14.13	
831.018	-37.07	
831.2	30.51	
831.382	16.59	
831.563	-30.92	
831.745	-35.84	
831.926	-35.84	
832.108	9.63	
832.29	-6.35	
832.471	-1.43	
832.653	25.19	
832.834	42.39	
833.016	-26.01	
833.197	-1.84	
833.379	2.66	
833.56	1.02	
833.742	-9.22	
833.923	-31.33	
834.105	11.67	
834.286	-19.87	
834.468	-24.37	
834.649	6.35	
834.83	4.3	
835.012	-58.37	
835.193	25.19	
835.374	-19.87	
835.556	0.61	
835.737	-23.55	
835.918	17	
836.1	-5.53	
836.281	-11.26	
836.462	44.03	
836.643	-49.77	
836.824	17.82	
837.006	3.89	
837.187	-6.35	
837.368	-20.27	
837.549	-17	
837.73	-7.17	
837.911	-32.97	
838.092	-10.44	
838.273	3.07	
838.455	36.66	
838.636	26.42	
838.817	-8.4	
838.998	-5.12	
839.179	20.68	
839.36	-20.27	
839.54	-32.97	
839.721	-46.9	
839.902	-25.19	
840.083	11.26	
840.264	75.98	
840.445	5.94	
840.626	-27.65	
840.807	0.2	
840.988	10.04	
841.168	-14.95	
841.349	-34.61	
841.53	21.5	
841.711	-39.94	
841.891	8.81	
842.072	50.99	
842.253	-16.59	
842.434	17.41	
842.614	7.17	
842.795	6.76	
842.976	5.94	
843.156	-14.54	
843.337	21.5	
843.517	-37.07	
843.698	-26.01	
843.878	18.23	
844.059	-13.72	
844.24	-21.5	
844.42	-19.05	
844.601	13.72	
844.781	9.22	
844.962	-45.26	
845.142	-5.12	
845.322	-18.64	
845.503	-38.3	
845.683	10.85	
845.864	41.57	
846.044	5.94	
846.224	-11.67	
846.405	18.23	
846.585	-20.27	
846.765	-5.12	
846.946	11.67	
847.126	20.27	
847.306	-33.38	
847.486	12.49	
847.667	-20.27	
847.847	-17.41	
848.027	-22.73	
848.207	-36.25	
848.387	8.81	
848.567	-7.17	
848.747	-15.36	
848.928	-21.09	
849.108	-99.74	
849.288	-37.48	
849.468	-3.48	
849.648	10.44	
849.828	-13.72	
850.008	23.55	
850.188	24.78	
850.368	-12.9	
850.548	-31.33	
850.728	-12.08	
850.908	-12.08	
851.088	-30.51	
851.267	-19.87	
851.447	-53.04	
851.627	-18.64	
851.807	36.66	
851.987	-14.54	
852.167	-23.14	
852.346	-37.07	
852.526	-23.96	
852.706	-32.97	
852.886	28.88	
853.065	-17.41	
853.245	-27.24	
853.425	-9.63	
853.605	3.89	
853.784	-13.31	
853.964	-26.01	
854.143	-40.34	
854.323	24.37	
854.503	32.15	
854.682	-28.06	
854.862	18.23	
855.041	-41.98	
855.221	31.74	
855.4	-21.91	
855.58	-13.72	
855.759	-0.61	
855.939	-33.38	
856.118	-68.61	
856.298	-26.42	
856.477	-5.53	
856.657	-17.82	
856.836	-45.26	
857.015	19.46	
857.195	-7.17	
857.374	12.49	
857.553	54.27	
857.733	-24.37	
857.912	-12.9	
858.091	-39.53	
858.27	-1.84	
858.45	3.89	
858.629	29.7	
858.808	-4.71	
858.987	-1.84	
859.166	-7.99	
859.345	-23.96	
859.525	6.35	
859.704	-20.68	
859.883	-87.45	
860.062	9.63	
860.241	-46.08	
860.42	10.85	
860.599	-25.19	
860.778	-5.12	
860.957	-4.71	
861.136	11.26	
861.315	24.78	
861.494	-47.31	
861.673	24.37	
861.852	-42.8	
862.031	32.56	
862.21	23.14	
862.388	-21.91	
862.567	8.81	
862.746	-24.37	
862.925	32.56	
863.104	-56.73	
863.283	10.04	
863.461	-17.82	
863.64	-5.94	
863.819	-17.82	
863.997	20.68	
864.176	-10.85	
864.355	5.94	
864.534	-61.64	
864.712	-17.82	
864.891	27.65	
865.069	-21.09	
865.248	-48.54	
865.427	4.71	
865.605	-18.64	
865.784	28.06	
865.962	-18.64	
866.141	-1.84	
866.319	-22.73	
866.498	5.53	
866.676	-10.04	
866.855	-14.13	
867.033	-14.54	
867.212	12.49	
867.39	-7.17	
867.568	23.55	
867.747	57.96	
867.925	-21.5	
868.103	-3.89	
868.282	-1.02	
868.46	-16.18	
868.638	-5.53	
868.817	48.95	
868.995	22.73	
869.173	55.91	
869.351	18.23	
869.529	13.31	
869.708	14.95	
869.886	19.46	
870.064	16.59	
870.242	44.03	
870.42	19.87	
870.598	-43.62	
870.776	6.35	
870.954	34.61	
871.133	-12.49	
871.311	-17	
871.489	26.01	
871.667	-29.29	
871.845	-10.44	
872.023	16.59	
872.2	12.49	
872.378	-23.14	
872.556	-54.68	
872.734	-3.89	
872.912	-12.49	
873.09	-26.01	
873.268	-12.08	
873.446	-18.64	
873.623	-6.76	
873.801	-28.47	
873.979	-24.37	
874.157	31.74	
874.335	-1.43	
874.512	-0.61	
874.69	-7.58	
874.868	-4.71	
875.045	0.2	
875.223	-33.79	
875.401	7.99	
875.578	-37.48	
875.756	23.14	
875.934	8.81	
876.111	1.43	
876.289	12.9	
876.466	-1.02	
876.644	-15.77	
876.821	4.3	
876.999	9.22	
877.176	-6.76	
877.354	-33.38	
877.531	-7.99	
877.709	-30.11	
877.886	-51.4	
878.063	-9.22	
878.241	-91.95	
878.418	-38.71	
878.596	-16.18	
878.773	1.84	
878.95	-32.15	
879.127	49.36	
879.305	-28.47	
879.482	-15.77	
879.659	-3.07	
879.836	4.3	
880.014	27.65	
880.191	-46.08	
880.368	-11.67	
880.545	-14.13	
880.722	-44.85	
880.9	-4.71	
881.077	-1.43	
881.254	-22.73	
881.431	3.07	
881.608	28.06	
881.785	-0.61	
881.962	-15.36	
882.139	-23.14	
882.316	37.07	
882.493	-12.9	
882.67	7.99	
882.847	38.3	
883.024	-27.65	
883.201	1.84	
883.378	-10.04	
883.554	33.38	
883.731	-7.99	
883.908	-7.58	
884.085	-44.44	
884.262	7.99	
884.439	-32.97	
884.615	-20.68	
884.792	46.08	
884.969	-6.76	
885.146	-15.77	
885.322	18.64	
885.499	17.41	
885.676	-17.82	
885.852	43.21	
886.029	-46.49	
886.205	-1.43	
886.382	-9.22	
886.559	50.99	
886.735	-14.95	
886.912	20.27	
887.088	20.27	
887.265	16.18	
887.441	-13.31	
887.618	30.51	
887.794	-5.53	
887.971	-34.2	
888.147	18.64	
888.324	-32.15	
888.5	4.71	
888.676	-20.68	
888.853	-3.48	
889.029	8.4	
889.205	0.2	
889.382	19.87	
889.558	5.12	
889.734	7.58	
889.911	25.19	
890.087	-5.53	
890.263	-14.13	
890.439	-27.24	
890.616	27.65	
890.792	-24.37	
890.968	-23.55	
891.144	15.77	
891.32	-13.72	
891.496	-12.08	
891.672	1.43	
891.848	-22.32	
892.025	10.04	
892.201	-26.42	
892.377	-24.37	
892.553	-65.74	
892.729	-6.35	
892.905	28.47	
893.081	7.58	
893.256	-19.46	
893.432	11.26	
893.608	8.4	
893.784	-41.57	
893.96	-3.89	
894.136	-10.44	
894.312	6.35	
894.488	-10.44	
894.663	-0.2	
894.839	-4.3	
895.015	24.78	
895.191	7.58	
895.366	-22.73	
895.542	-14.95	
895.718	-32.56	
895.894	-9.63	
896.069	6.35	
896.245	22.73	
896.421	-42.8	
896.596	40.34	
896.772	8.4	
896.947	9.63	
897.123	21.5	
897.298	-21.5	
897.474	52.22	
897.649	6.76	
897.825	2.25	
898	13.31	
898.176	3.07	
898.351	-38.71	
898.527	-17.82	
898.702	30.11	
898.878	6.35	
899.053	-1.02	
899.228	-11.26	
899.404	10.44	
899.579	-12.08	
899.754	-1.84	
899.93	-23.55	
900.105	4.3	
900.28	2.25	
900.455	-26.42	
900.631	1.02	
900.806	-30.51	
900.981	25.19	
901.156	53.04	
901.331	-32.15	
901.507	-21.09	
901.682	7.99	
901.857	15.36	
902.032	14.95	
902.207	29.29	
902.382	23.55	
902.557	35.43	
902.732	-14.54	
902.907	-11.26	
903.082	26.42	
903.257	32.15	
903.432	8.4	
903.607	-6.76	
903.782	1.02	
903.957	7.17	
904.132	-25.19	
904.306	-38.3	
904.481	21.09	
904.656	-47.31	
904.831	1.43	
905.006	-15.77	
905.181	0.61	
905.355	-23.96	
905.53	-24.78	
905.705	-3.07	
905.879	26.01	
906.054	14.13	
906.229	-18.23	
906.404	36.25	
906.578	-1.84	
906.753	-14.13	
906.927	-1.84	
907.102	1.02	
907.277	14.13	
907.451	-12.49	
907.626	39.12	
907.8	56.73	
907.975	-60.82	
908.149	5.94	
908.324	1.02	
908.498	37.89	
908.673	8.4	
908.847	-26.01	
909.021	-25.19	
909.196	2.66	
909.37	-44.03	
909.544	16.18	
909.719	4.71	
909.893	-30.51	
910.067	-29.29	
910.242	-32.97	
910.416	-4.71	
910.59	13.31	
910.764	-4.3	
910.939	-13.31	
911.113	-35.02	
911.287	18.23	
911.461	9.22	
911.635	-34.2	
911.809	7.99	
911.984	-17	
912.158	29.29	
912.332	48.54	
912.506	8.4	
912.68	-10.85	
912.854	-9.63	
913.028	-27.65	
913.202	-66.56	
913.376	-12.9	
913.55	-44.44	
913.724	-6.35	
913.898	33.38	
914.071	5.94	
914.245	35.02	
914.419	-15.36	
914.593	6.35	
914.767	5.12	
914.941	28.88	
915.115	-22.32	
915.288	2.66	
915.462	1.02	
915.636	7.17	
915.81	-1.84	
915.983	-2.25	
916.157	-28.47	
916.331	-25.6	
916.504	-26.01	
916.678	29.7	
916.852	-41.57	
917.025	-39.53	
917.199	4.3	
917.372	-14.54	
917.546	-37.07	
917.719	3.07	
917.893	37.48	
918.066	-25.19	
918.24	-18.23	
918.413	0.61	
918.587	-23.14	
918.76	-12.08	
918.934	-23.14	
919.107	-14.13	
919.28	7.17	
919.454	-21.91	
919.627	-13.72	
919.8	-14.95	
919.974	38.71	
920.147	-35.43	
920.32	43.21	
920.494	-3.48	
920.667	-37.48	
920.84	-9.22	
921.013	-28.06	
921.186	-20.68	
921.36	-1.84	
921.533	14.54	
921.706	26.42	
921.879	8.4	
922.052	-23.14	
922.225	-48.95	
922.398	40.75	
922.571	-17	
922.744	-35.43	
922.917	-23.55	
923.09	-3.89	
923.263	13.31	
923.436	5.94	
923.609	30.11	
923.782	17.82	
923.955	-12.49	
924.128	-25.19	
924.301	-23.55	
924.474	-19.05	
924.647	-3.07	
924.819	-30.11	
924.992	5.53	
925.165	19.87	
925.338	8.81	
925.511	-62.87	
925.683	-25.6	
925.856	-91.54	
926.029	-28.47	
926.201	-9.22	
926.374	4.3	
926.547	54.27	
926.719	9.63	
926.892	9.22	
927.065	-36.66	
927.237	24.37	
927.41	7.58	
927.582	-20.27	
927.755	-26.42	
927.927	11.67	
928.1	-16.59	
928.272	2.66	
928.445	6.35	
928.617	11.67	
928.79	-5.12	
928.962	-9.22	
929.134	7.99	
929.307	-7.58	
929.479	24.78	
929.651	1.43	
929.824	35.02	
929.996	-5.94	
930.168	-9.22	
930.341	-17	
930.513	-38.71	
930.685	11.26	
930.857	25.19	
931.029	-24.37	
931.202	-3.48	
931.374	10.85	
931.546	-0.61	
931.718	4.71	
931.89	13.72	
932.062	-21.91	
932.234	21.09	
932.406	-60.01	
932.578	-10.04	
932.75	-46.08	
932.922	-42.8	
933.094	15.77	
933.266	-5.94	
933.438	22.73	
933.61	-6.76	
933.782	36.25	
933.954	8.81	
934.126	-51.4	
934.298	-23.96	
934.47	36.25	
934.641	-57.55	
934.813	-17	
934.985	12.08	
935.157	-6.35	
935.329	-30.51	
935.5	-7.17	
935.672	0.2	
935.844	-16.59	
936.015	-11.67	
936.187	3.48	
936.359	14.54	
936.53	-1.84	
936.702	-38.3	
936.874	26.42	
937.045	-31.33	
937.217	-21.91	
937.388	12.08	
937.56	-7.99	
937.731	-19.46	
937.903	17.82	
938.074	-3.07	
938.246	29.7	
938.417	-0.2	
938.588	15.36	
938.76	-32.56	
938.931	-41.98	
939.103	-41.98	
939.274	-7.17	
939.445	20.68	
939.617	27.65	
939.788	19.46	
939.959	21.91	
940.13	-13.72	
940.302	30.11	
940.473	26.42	
940.644	-28.06	
940.815	-7.17	
940.987	-28.47	
941.158	3.07	
941.329	-29.29	
941.5	-19.05	
941.671	-4.71	
941.842	3.89	
942.013	-21.91	
942.184	48.54	
942.355	-9.63	
942.526	23.96	
942.697	-2.25	
942.868	34.61	
943.039	12.49	
943.21	40.34	
943.381	-29.29	
943.552	-33.79	
943.723	-68.2	
943.894	18.64	
944.065	-0.61	
944.235	-41.98	
944.406	-4.71	
944.577	8.81	
944.748	14.95	
944.919	-26.01	
945.089	3.48	
945.26	-3.48	
945.431	-10.85	
945.601	35.43	
945.772	17.82	
945.943	2.66	
946.113	-39.12	
946.284	-48.54	
946.455	-61.23	
946.625	18.23	
946.796	-12.08	
946.966	-5.94	
947.137	3.89	
947.307	-9.63	
947.478	-3.07	
947.648	12.9	
947.819	-3.89	
947.989	2.25	
948.16	-0.2	
948.33	-4.71	
948.5	-27.65	
948.671	-6.35	
948.841	17.82	
949.012	30.51	
949.182	0.2	
949.352	24.37	
949.522	-19.87	
949.693	28.06	
949.863	-31.74	
950.033	6.76	
950.203	-26.42	
950.374	16.59	
950.544	-12.08	
950.714	-17.41	
950.884	-44.44	
951.054	23.14	
951.224	0.2	
951.394	2.66	
951.564	37.89	
951.735	-7.58	
951.905	-15.77	
952.075	-40.34	
952.245	-12.49	
952.415	14.95	
952.585	-22.73	
952.754	47.72	
952.924	-23.55	
953.094	-45.67	
953.264	-19.05	
953.434	-10.44	
953.604	-12.49	
953.774	29.29	
953.944	-14.54	
954.113	-6.76	
954.283	-41.16	
954.453	-2.25	
954.623	-10.44	
954.792	-23.14	
954.962	6.35	
955.132	21.5	
955.302	-46.9	
955.471	-12.9	
955.641	-3.48	
955.81	-12.08	
955.98	10.44	
956.15	-5.12	
956.319	32.97	
956.489	-10.44	
956.658	2.66	
956.828	-15.77	
956.997	-12.9	
957.167	16.59	
957.336	-14.54	
957.506	52.63	
957.675	21.5	
957.845	55.91	
958.014	-3.89	
958.183	-30.51	
958.353	-5.53	
958.522	13.31	
958.691	24.78	
958.861	8.81	
959.03	-24.37	
959.199	25.19	
959.368	-15.77	
959.538	8.81	
959.707	-1.84	
959.876	-17	
960.045	15.77	
960.214	6.76	
960.383	10.85	
960.553	22.73	
960.722	-38.3	
960.891	7.99	
961.06	-11.67	
961.229	66.15	
961.398	53.45	
961.567	6.76	
961.736	22.73	
961.905	13.72	
962.074	-32.15	
962.243	1.43	
962.412	19.05	
962.581	-53.04	
962.75	-10.85	
962.918	7.99	
963.087	-19.87	
963.256	6.35	
963.425	-24.37	
963.594	7.58	
963.763	-1.02	
963.931	-20.68	
964.1	22.32	
964.269	-5.12	
964.437	-31.33	
964.606	29.7	
964.775	21.09	
964.943	-10.04	
965.112	-1.02	
965.281	35.43	
965.449	-7.99	
965.618	-1.02	
965.786	50.99	
965.955	19.87	
966.124	-27.24	
966.292	22.32	
966.461	17.41	
966.629	-12.49	
966.797	-25.19	
966.966	-6.35	
967.134	9.22	
967.303	10.04	
967.471	-27.65	
967.639	-13.72	
967.808	-10.04	
967.976	-5.12	
968.144	34.2	
968.313	2.66	
968.481	25.6	
968.649	-3.48	
968.817	26.83	
968.986	45.26	
969.154	10.44	
969.322	-1.43	
969.49	27.65	
969.658	-12.08	
969.827	20.68	
969.995	-5.53	
970.163	34.61	
970.331	-12.9	
970.499	-22.32	
970.667	-39.12	
970.835	-16.59	
971.003	-23.55	
971.171	-2.66	
971.339	-1.02	
971.507	22.73	
971.675	29.29	
971.843	-26.01	
972.011	-25.6	
972.178	19.46	
972.346	3.89	
972.514	35.43	
972.682	-7.99	
972.85	-11.67	
973.018	-4.71	
973.185	3.07	
973.353	-31.74	
973.521	1.02	
973.689	-24.37	
973.856	-46.08	
974.024	-33.79	
974.192	12.08	
974.359	-36.25	
974.527	-22.73	
974.694	-8.81	
974.862	12.49	
975.03	28.06	
975.197	-54.68	
975.365	6.35	
975.532	-14.54	
975.7	-24.78	
975.867	17	
976.035	10.85	
976.202	-7.17	
976.369	-31.33	
976.537	-21.5	
976.704	39.12	
976.872	14.13	
977.039	-3.48	
977.206	16.59	
977.374	-52.22	
977.541	4.71	
977.708	46.9	
977.875	-8.4	
978.043	-29.29	
978.21	2.66	
978.377	-5.12	
978.544	13.31	
978.711	-13.31	
978.879	-15.36	
979.046	15.77	
979.213	24.78	
979.38	24.78	
979.547	3.07	
979.714	-4.71	
979.881	-14.54	
980.048	-21.5	
980.215	53.86	
980.382	4.71	
980.549	-27.65	
980.716	-19.46	
980.883	-27.65	
981.05	-22.32	
981.217	18.23	
981.384	7.58	
981.55	-41.57	
981.717	-24.78	
981.884	12.49	
982.051	-3.07	
982.218	-8.81	
982.384	-11.26	
982.551	18.23	
982.718	10.44	
982.885	29.29	
983.051	-15.77	
983.218	32.15	
983.385	19.05	
983.551	17.82	
983.718	73.93	
983.885	8.81	
984.051	-13.72	
984.218	-28.47	
984.384	-34.61	
984.551	15.77	
984.717	-32.97	
984.884	-1.84	
985.05	-35.43	
985.217	-12.08	
985.383	11.26	
985.55	-30.11	
985.716	13.31	
985.882	18.23	
986.049	-24.78	
986.215	-3.48	
986.381	-23.96	
986.548	-6.76	
986.714	-22.73	
986.88	-0.2	
987.046	-20.68	
987.213	-46.9	
987.379	-28.06	
987.545	-4.3	
987.711	13.31	
987.877	4.71	
988.044	-23.55	
988.21	-12.49	
988.376	-8.81	
988.542	7.99	
988.708	-1.43	
988.874	0.61	
989.04	26.01	
989.206	-31.74	
989.372	-60.82	
989.538	-40.75	
989.704	17	
989.87	0.61	
990.036	-1.43	
990.202	-21.5	
990.368	-30.92	
990.534	-3.07	
990.699	-5.94	
990.865	-4.3	
991.031	-28.06	
991.197	23.14	
991.363	15.36	
991.528	49.36	
991.694	1.43	
991.86	-16.59	
992.025	-23.14	
992.191	-5.12	
992.357	-30.92	
992.522	-9.22	
992.688	2.25	
992.854	-31.74	
993.019	-25.19	
993.185	-12.9	
993.35	30.92	
993.516	-28.47	
993.681	-11.67	
993.847	20.68	
994.012	-39.53	
994.178	-12.08	
994.343	-2.66	
994.509	4.3	
994.674	14.54	
994.84	-3.89	
995.005	-22.73	
995.17	16.59	
995.336	-19.05	
995.501	-17.41	
995.666	26.83	
995.831	13.72	
995.997	6.76	
996.162	-25.6	
996.327	-18.23	
996.492	-14.95	
996.658	-3.89	
996.823	1.02	
996.988	-22.73	
997.153	-8.4	
997.318	10.04	
997.483	9.22	
997.648	-2.66	
997.813	-8.81	
997.978	12.9	
998.143	8.4	
998.308	-35.02	
998.473	-9.63	
998.638	-40.75	
998.803	-19.87	
998.968	-17.41	
999.133	-1.84	
999.298	-32.15	
999.463	-35.02	
999.628	-20.27	
999.793	-30.92	
999.957	-8.81	
1000.122	-32.15	
1000.287	-27.65	
1000.452	-10.44	
1000.616	13.72	
1000.781	-59.19	
1000.946	-17	
1001.111	23.96	
1001.275	29.7	
1001.44	2.25	
1001.604	-7.58	
1001.769	-44.44	
1001.934	10.85	
1002.098	-14.95	
1002.263	-36.25	
1002.427	11.67	
1002.592	-37.07	
1002.756	-42.39	
1002.921	-43.62	
1003.085	41.57	
1003.25	23.55	
1003.414	43.21	
1003.579	-12.9	
1003.743	14.54	
1003.907	0.2	
1004.072	-25.19	
1004.236	-27.65	
1004.4	-40.34	
1004.565	7.58	
1004.729	37.07	
1004.893	-5.53	
1005.057	-6.35	
1005.222	-44.85	
1005.386	59.6	
1005.55	3.48	
1005.714	-3.48	
1005.878	19.87	
1006.042	-7.99	
1006.206	21.09	
1006.371	-2.66	
1006.535	3.48	
1006.699	-50.99	
1006.863	-44.03	
1007.027	-14.95	
1007.191	2.25	
1007.355	-22.73	
1007.519	18.64	
1007.683	34.2	
1007.847	-4.3	
1008.01	-43.21	
1008.174	-32.56	
1008.338	-7.58	
1008.502	3.07	
1008.666	-22.73	
1008.83	12.49	
1008.993	-4.71	
1009.157	-34.61	
1009.321	-47.31	
1009.485	-17	
1009.648	0.2	
1009.812	-7.58	
1009.976	4.71	
1010.139	-34.61	
1010.303	20.68	
1010.467	14.13	
1010.63	-12.49	
1010.794	-19.05	
1010.957	-19.87	
1011.121	-12.9	
1011.285	-4.3	
1011.448	8.4	
1011.612	-35.43	
1011.775	10.85	
1011.938	1.02	
1012.102	-22.32	
1012.265	-2.25	
1012.429	-30.92	
1012.592	17	
1012.755	17.41	
1012.919	18.64	
1013.082	-7.99	
1013.245	0.61	
1013.409	5.94	
1013.572	-24.78	
1013.735	-28.88	
1013.898	26.83	
1014.062	3.48	
1014.225	-30.11	
1014.388	41.16	
1014.551	3.89	
1014.714	-2.25	
1014.877	-11.26	
1015.041	-1.02	
1015.204	-12.08	
1015.367	37.07	
1015.53	20.27	
1015.693	-29.7	
1015.856	10.85	
1016.019	-18.64	
1016.182	11.26	
1016.345	-41.16	
1016.508	-5.53	
1016.67	-23.96	
1016.833	26.42	
1016.996	50.99	
1017.159	-41.16	
1017.322	40.75	
1017.485	44.03	
1017.648	-21.91	
1017.81	52.22	
1017.973	39.12	
1018.136	18.23	
1018.298	-20.27	
1018.461	52.63	
1018.624	-32.15	
1018.787	-37.07	
1018.949	14.95	
1019.112	20.27	
1019.274	-39.12	
1019.437	-36.25	
1019.6	33.38	
1019.762	-25.19	
1019.925	-18.23	
1020.087	-17	
1020.25	-38.71	
1020.412	-35.02	
1020.575	-8.81	
1020.737	35.02	
1020.899	-47.72	
1021.062	-4.71	
1021.224	-27.24	
1021.387	-12.9	
1021.549	46.9	
1021.711	17	
1021.874	-23.96	
1022.036	-7.99	
1022.198	-25.19	
1022.36	32.56	
1022.523	-26.42	
1022.685	-36.25	
1022.847	32.56	
1023.009	8.4	
1023.171	28.06	
1023.333	16.18	
1023.496	-25.6	
1023.658	5.94	
1023.82	-7.17	
1023.982	8.81	
1024.144	-12.9	
1024.306	2.66	
1024.468	-73.11	
1024.63	-62.87	
1024.792	24.37	
1024.954	-38.71	
1025.116	19.05	
1025.278	31.74	
1025.44	35.02	
1025.601	24.78	
1025.763	-45.67	
1025.925	9.63	
1026.087	-7.17	
1026.249	-3.07	
1026.41	-19.87	
1026.572	-0.2	
1026.734	51.4	
1026.896	-23.96	
1027.057	2.66	
1027.219	-8.4	
1027.381	5.94	
1027.542	-19.46	
1027.704	18.64	
1027.866	-18.23	
1028.027	3.48	
1028.189	11.26	
1028.35	-14.54	
1028.512	38.71	
1028.673	-15.36	
1028.835	-21.5	
1028.996	15.36	
1029.158	-25.19	
1029.319	-66.15	
1029.481	17	
1029.642	-64.51	
1029.803	-37.89	
1029.965	-35.43	
1030.126	-18.64	
1030.287	30.92	
1030.449	-26.83	
1030.61	17	
1030.771	-46.08	
1030.933	32.15	
1031.094	-5.53	
1031.255	11.67	
1031.416	2.66	
1031.577	-26.01	
1031.738	-16.59	
1031.9	-54.27	
1032.061	-14.95	
1032.222	-4.3	
1032.383	-35.43	
1032.544	7.17	
1032.705	-30.51	
1032.866	0.2	
1033.027	1.43	
1033.188	-20.27	
1033.349	-17.41	
1033.51	-5.53	
1033.671	-36.25	
1033.832	-69.84	
1033.993	35.02	
1034.153	3.07	
1034.314	-15.77	
1034.475	-28.88	
1034.636	8.81	
1034.797	-48.95	
1034.957	-5.94	
1035.118	-69.84	
1035.279	0.2	
1035.44	-37.07	
1035.6	-2.25	
1035.761	-10.04	
1035.922	-18.64	
1036.082	5.94	
1036.243	-7.99	
1036.404	-13.72	
1036.564	-52.22	
1036.725	7.99	
1036.885	0.2	
1037.046	0.61	
1037.206	14.54	
1037.367	51.81	
1037.527	-14.13	
1037.688	-48.95	
1037.848	-11.26	
1038.008	-5.12	
1038.169	43.21	
