Subt_2:202		
345.868	18.4	
346.082	18.4	
346.296	18.4	
346.51	-20.51	
346.724	18.4	
346.937	19.63	
347.151	-9.86	
347.365	-12.32	
347.579	-13.96	
347.793	26.59	
348.006	-8.23	
348.22	1.6	
348.434	-27.07	
348.648	-1.67	
348.861	-7.82	
349.075	5.29	
349.289	27.82	
349.502	-11.91	
349.716	-32.8	
349.93	0.79	
350.143	11.02	
350.357	-8.23	
350.571	0.38	
350.784	1.6	
350.998	-45.09	
351.212	6.52	
351.425	-12.73	
351.639	28.64	
351.852	4.06	
352.066	10.62	
352.28	-0.03	
352.493	-0.44	
352.707	38.47	
352.92	-7	
353.134	-6.18	
353.347	5.7	
353.561	4.06	
353.774	-22.56	
353.988	-32.8	
354.201	14.71	
354.415	-18.88	
354.628	20.04	
354.841	-34.44	
355.055	-7.41	
355.268	-8.64	
355.482	0.79	
355.695	15.94	
355.908	35.6	
356.122	-12.73	
356.335	-4.54	
356.549	-10.27	
356.762	-13.96	
356.975	-30.75	
357.189	4.06	
357.402	25.77	
357.615	20.45	
357.828	8.98	
358.042	6.52	
358.255	-23.38	
358.468	-41.81	
358.682	-39.36	
358.895	40.93	
359.108	-18.47	
359.321	23.72	
359.534	8.98	
359.748	-28.71	
359.961	-37.31	
360.174	-5.36	
360.387	-21.74	
360.6	-9.86	
360.813	-2.08	
361.027	8.57	
361.24	24.95	
361.453	24.13	
361.666	-8.64	
361.879	0.38	
362.092	-18.88	
362.305	-15.6	
362.518	-18.47	
362.731	11.02	
362.944	20.45	
363.157	6.52	
363.37	-20.51	
363.583	-22.56	
363.796	-25.02	
364.009	-5.77	
364.222	28.23	
364.435	4.06	
364.648	-24.2	
364.861	-9.05	
365.074	17.17	
365.287	15.94	
365.5	-18.88	
365.713	49.12	
365.926	-45.5	
366.139	-12.73	
366.352	-9.86	
366.564	-16.83	
366.777	-11.5	
366.99	15.53	
367.203	-2.9	
367.416	1.19	
367.629	-23.38	
367.841	-8.64	
368.054	18.4	
368.267	-0.44	
368.48	5.29	
368.693	8.98	
368.905	-36.08	
369.118	-23.38	
369.331	12.25	
369.544	-47.96	
369.756	-27.89	
369.969	-49.59	
370.182	-23.38	
370.394	42.97	
370.607	-35.26	
370.82	-19.29	
371.032	-20.92	
371.245	13.89	
371.458	-41.81	
371.67	-5.36	
371.883	20.45	
372.095	30.69	
372.308	31.5	
372.52	35.6	
372.733	-13.14	
372.946	-11.91	
373.158	-6.18	
373.371	13.48	
373.583	76.15	
373.796	-30.34	
374.008	-35.26	
374.221	3.65	
374.433	-20.51	
374.646	-27.48	
374.858	-30.34	
375.071	-9.45	
375.283	17.58	
375.495	-19.29	
375.708	-7.41	
375.92	9.39	
376.133	-13.96	
376.345	4.47	
376.557	14.3	
376.77	-42.63	
376.982	23.72	
377.194	-5.77	
377.407	-41.81	
377.619	24.54	
377.831	-10.68	
378.044	18.4	
378.256	-54.1	
378.468	1.19	
378.68	11.84	
378.893	-4.95	
379.105	-25.84	
379.317	-39.36	
379.529	-61.88	
379.742	-35.67	
379.954	-21.74	
380.166	-18.47	
380.378	-25.84	
380.59	-41.81	
380.803	-52.05	
381.015	-35.67	
381.227	29.46	
381.439	-0.44	
381.651	-25.84	
381.863	5.7	
382.075	24.13	
382.287	-12.32	
382.499	18.4	
382.712	-36.9	
382.924	-63.93	
383.136	-38.95	
383.348	-28.71	
383.56	-35.26	
383.772	3.65	
383.984	-37.31	
384.196	-3.72	
384.408	-16.42	
384.62	10.62	
384.832	-21.33	
385.044	24.13	
385.255	14.3	
385.467	-29.12	
385.679	-34.03	
385.891	21.26	
386.103	51.57	
386.315	11.02	
386.527	7.34	
386.739	45.84	
386.951	-11.09	
387.162	31.09	
387.374	-17.65	
387.586	-15.19	
387.798	31.91	
388.01	-10.68	
388.221	-33.62	
388.433	20.04	
388.645	25.77	
388.857	22.9	
389.069	2.42	
389.28	30.28	
389.492	-3.72	
389.704	10.62	
389.915	13.89	
390.127	36.01	
390.339	28.64	
390.55	-5.36	
390.762	-2.49	
390.974	-9.86	
391.185	34.78	
391.397	-21.33	
391.609	-12.32	
391.82	2.42	
392.032	25.36	
392.243	15.94	
392.455	20.04	
392.667	27.82	
392.878	38.47	
393.09	2.01	
393.301	17.99	
393.513	47.48	
393.724	0.79	
393.936	-0.85	
394.147	33.96	
394.359	6.11	
394.57	18.81	
394.782	24.95	
394.993	24.95	
395.204	23.31	
395.416	36.83	
395.627	31.5	
395.839	45.02	
396.05	1.6	
396.261	74.51	
396.473	61.81	
396.684	73.28	
396.896	66.73	
397.107	36.42	
397.318	67.55	
397.529	67.14	
397.741	45.43	
397.952	93.76	
398.163	81.88	
398.375	63.45	
398.586	42.97	
398.797	70.42	
399.008	18.81	
399.22	78.61	
399.431	25.36	
399.642	63.86	
399.853	93.76	
400.064	81.48	
400.276	72.46	
400.487	72.87	
400.698	67.96	
400.909	90.49	
401.12	107.28	
401.331	131.04	
401.542	146.6	
401.754	215	
401.965	264.56	
402.176	399.32	
402.387	876.09	
402.598	1570.76	
402.809	2488.25	
403.02	2981.81	
403.231	3084.62	
403.442	2583.27	
403.653	1898.02	
403.864	1100.95	
404.075	478.37	
404.286	198.21	
404.497	193.7	
404.708	118.34	
404.919	114.65	
405.13	99.5	
405.341	112.6	
405.551	-4.13	
405.762	57.72	
405.973	76.56	
406.184	89.67	
406.395	62.22	
406.606	79.43	
406.817	36.42	
407.027	16.35	
407.238	33.55	
407.449	-1.67	
407.66	60.59	
407.871	108.1	
408.081	81.48	
408.292	55.26	
408.503	41.74	
408.714	-2.9	
408.924	9.8	
409.135	69.19	
409.346	3.65	
409.556	65.91	
409.767	38.47	
409.978	22.49	
410.188	88.85	
410.399	58.54	
410.61	39.7	
410.82	21.67	
411.031	90.08	
411.242	17.58	
411.452	41.74	
411.663	60.18	
411.873	55.26	
412.084	77.38	
412.295	6.11	
412.505	6.11	
412.716	21.26	
412.926	52.8	
413.137	29.05	
413.347	2.83	
413.558	9.8	
413.768	-7.41	
413.979	58.13	
414.189	19.22	
414.399	8.16	
414.61	4.88	
414.82	36.83	
415.031	15.94	
415.241	32.32	
415.451	21.67	
415.662	2.42	
415.872	19.63	
416.083	32.73	
416.293	27.41	
416.503	33.14	
416.714	42.15	
416.924	47.48	
417.134	22.08	
417.344	31.09	
417.555	11.84	
417.765	30.28	
417.975	-1.26	
418.186	27.41	
418.396	-0.44	
418.606	9.39	
418.816	-8.64	
419.026	-41.81	
419.237	31.5	
419.447	54.85	
419.657	2.42	
419.867	45.02	
420.077	0.79	
420.287	-27.89	
420.497	22.49	
420.708	53.62	
420.918	-5.36	
421.128	37.24	
421.338	5.7	
421.548	-24.2	
421.758	15.94	
421.968	-0.44	
422.178	6.52	
422.388	1.19	
422.598	0.79	
422.808	-2.49	
423.018	6.11	
423.228	14.71	
423.438	-40.17	
423.648	-8.23	
423.858	11.84	
424.068	27	
424.278	-28.71	
424.488	9.39	
424.698	40.11	
424.907	13.89	
425.117	-45.5	
425.327	16.76	
425.537	35.19	
425.747	3.24	
425.957	33.14	
426.167	27	
426.376	-30.75	
426.586	35.6	
426.796	-11.91	
427.006	-0.44	
427.216	-15.19	
427.425	20.04	
427.635	9.39	
427.845	-13.14	
428.054	-2.9	
428.264	14.3	
428.474	-5.77	
428.684	40.11	
428.893	27	
429.103	-8.64	
429.313	-21.33	
429.522	54.44	
429.732	-7	
429.941	27.82	
430.151	31.91	
430.361	-18.88	
430.57	-3.31	
430.78	32.73	
430.989	15.12	
431.199	5.7	
431.409	12.66	
431.618	-4.13	
431.828	-23.79	
432.037	23.72	
432.247	-18.88	
432.456	-25.02	
432.666	-58.61	
432.875	16.76	
433.084	2.42	
433.294	-2.08	
433.503	-52.05	
433.713	-2.9	
433.922	-43.45	
434.132	2.42	
434.341	13.48	
434.55	4.47	
434.76	-27.07	
434.969	-14.37	
435.178	-34.85	
435.388	27	
435.597	-4.54	
435.806	14.3	
436.016	-38.95	
436.225	-38.95	
436.434	20.86	
436.643	-13.14	
436.853	-28.71	
437.062	9.8	
437.271	70.01	
437.48	-15.19	
437.69	-9.05	
437.899	-6.59	
438.108	-13.14	
438.317	-59.83	
438.526	3.65	
438.735	17.58	
438.945	16.35	
439.154	-29.12	
439.363	-24.61	
439.572	45.02	
439.781	23.31	
439.99	16.35	
440.199	-35.26	
440.408	27.41	
440.617	33.14	
440.826	-3.72	
441.035	17.99	
441.244	-39.36	
441.453	36.42	
441.662	-2.9	
441.871	-45.91	
442.08	21.26	
442.289	49.12	
442.498	-38.95	
442.707	4.47	
442.916	-31.16	
443.125	-7.82	
443.334	-61.47	
443.543	-14.78	
443.752	-1.67	
443.961	36.01	
444.169	11.02	
444.378	-5.36	
444.587	-28.71	
444.796	7.34	
445.005	-4.95	
445.213	-19.29	
445.422	-23.79	
445.631	-36.08	
445.84	-62.29	
446.049	-3.31	
446.257	20.86	
446.466	-18.47	
446.675	-20.1	
446.883	42.15	
447.092	32.32	
447.301	41.74	
447.51	32.32	
447.718	49.94	
447.927	33.55	
448.135	-40.17	
448.344	20.04	
448.553	-36.49	
448.761	-11.91	
448.97	-16.83	
449.179	-17.65	
449.387	-2.08	
449.596	-21.33	
449.804	-39.36	
450.013	-9.45	
450.221	-22.97	
450.43	-2.49	
450.638	-16.83	
450.847	22.08	
451.055	31.91	
451.264	-34.85	
451.472	-36.08	
451.681	14.3	
451.889	9.8	
452.097	-27.07	
452.306	0.79	
452.514	-8.64	
452.723	-22.97	
452.931	-55.74	
453.139	-7	
453.348	-27.48	
453.556	-12.32	
453.764	-56.97	
453.973	-8.64	
454.181	25.77	
454.389	-14.37	
454.598	15.12	
454.806	-0.85	
455.014	-50.82	
455.222	-37.31	
455.431	11.43	
455.639	-22.15	
455.847	10.62	
456.055	-0.44	
456.264	-9.45	
456.472	-10.27	
456.68	20.86	
456.888	16.76	
457.096	10.62	
457.304	1.6	
457.512	8.16	
457.721	-4.13	
457.929	-21.74	
458.137	-18.88	
458.345	-11.09	
458.553	-1.67	
458.761	27	
458.969	-0.85	
459.177	-16.42	
459.385	-44.68	
459.593	20.86	
459.801	24.95	
460.009	-5.77	
460.217	32.32	
460.425	32.73	
460.633	-3.31	
460.841	-14.78	
461.049	17.58	
461.257	-20.51	
461.465	2.83	
461.673	-36.49	
461.88	9.39	
462.088	-56.97	
462.296	11.02	
462.504	-31.57	
462.712	-25.84	
462.92	27.82	
463.127	-41.81	
463.335	11.02	
463.543	-9.45	
463.751	35.19	
463.959	6.11	
464.166	-3.72	
464.374	-11.5	
464.582	-21.33	
464.79	-3.31	
464.997	-1.26	
465.205	-9.86	
465.413	-45.5	
465.62	-26.25	
465.828	10.21	
466.036	13.48	
466.243	-18.47	
466.451	-5.36	
466.658	5.29	
466.866	-42.63	
467.074	3.24	
467.281	8.57	
467.489	13.89	
467.696	-49.19	
467.904	-20.92	
468.111	-40.99	
468.319	-5.77	
468.527	4.88	
468.734	-107.35	
468.942	-20.92	
469.149	37.65	
469.356	-2.9	
469.564	18.81	
469.771	-8.23	
469.979	-20.1	
470.186	20.04	
470.394	21.67	
470.601	26.18	
470.808	-10.68	
471.016	-46.73	
471.223	12.25	
471.43	2.83	
471.638	7.75	
471.845	-23.38	
472.052	25.77	
472.26	-4.13	
472.467	-18.06	
472.674	-11.5	
472.882	-40.17	
473.089	-4.54	
473.296	-8.64	
473.503	6.11	
473.711	6.93	
473.918	-19.69	
474.125	-0.44	
474.332	-36.08	
474.539	65.91	
474.746	5.29	
474.954	-13.96	
475.161	-43.86	
475.368	-19.29	
475.575	-2.9	
475.782	33.55	
475.989	-25.43	
476.196	-38.13	
476.403	17.17	
476.61	14.71	
476.817	6.93	
477.024	-41.81	
477.231	29.87	
477.438	16.35	
477.645	12.25	
477.852	-7	
478.059	18.4	
478.266	0.79	
478.473	11.43	
478.68	7.75	
478.887	26.59	
479.094	-0.85	
479.301	-10.27	
479.508	3.65	
479.715	18.4	
479.922	-13.96	
480.129	39.29	
480.335	3.65	
480.542	-13.55	
480.749	-40.99	
480.956	7.75	
481.163	-0.03	
481.369	26.59	
481.576	14.71	
481.783	6.52	
481.99	-45.91	
482.196	-30.75	
482.403	2.01	
482.61	-72.94	
482.817	28.23	
483.023	27	
483.23	11.84	
483.437	-40.17	
483.643	29.87	
483.85	-12.32	
484.057	39.29	
484.263	0.38	
484.47	46.66	
484.676	14.3	
484.883	45.43	
485.09	-25.43	
485.296	-17.24	
485.503	-31.57	
485.709	-31.98	
485.916	4.06	
486.122	-16.83	
486.329	-45.91	
486.535	-15.6	
486.742	20.45	
486.948	-17.65	
487.155	7.75	
487.361	-9.45	
487.567	12.25	
487.774	10.62	
487.98	-32.8	
488.187	-10.68	
488.393	-11.09	
488.599	14.71	
488.806	-50	
489.012	-12.32	
489.219	-35.26	
489.425	4.88	
489.631	-27.07	
489.837	-6.18	
490.044	-13.14	
490.25	-4.54	
490.456	-9.05	
490.663	-16.42	
490.869	10.62	
491.075	-17.65	
491.281	-33.21	
491.487	6.93	
491.694	-41.4	
491.9	24.95	
492.106	-16.42	
492.312	2.42	
492.518	-50	
492.724	15.53	
492.931	-28.71	
493.137	22.08	
493.343	-26.25	
493.549	5.29	
493.755	7.34	
493.961	-25.43	
494.167	6.93	
494.373	-8.64	
494.579	6.93	
494.785	-48.78	
494.991	-34.03	
495.197	-36.9	
495.403	25.77	
495.609	4.06	
495.815	-59.43	
496.021	2.42	
496.227	-11.91	
496.433	-6.59	
496.639	56.9	
496.845	-6.18	
497.05	9.39	
497.256	-27.48	
497.462	-15.6	
497.668	-2.9	
497.874	-27.07	
498.08	-29.52	
498.286	-13.55	
498.491	-16.42	
498.697	15.12	
498.903	15.53	
499.109	-4.95	
499.314	18.4	
499.52	36.42	
499.726	-19.69	
499.932	21.67	
500.137	8.98	
500.343	43.38	
500.549	11.84	
500.754	7.75	
500.96	45.43	
501.166	-12.73	
501.371	-43.04	
501.577	-18.06	
501.782	-20.51	
501.988	-38.54	
502.194	16.35	
502.399	-17.65	
502.605	35.6	
502.81	-1.26	
503.016	-33.62	
503.221	6.93	
503.427	14.3	
503.632	-32.39	
503.838	13.07	
504.043	17.17	
504.249	-6.59	
504.454	-4.95	
504.66	-38.95	
504.865	36.42	
505.071	20.45	
505.276	1.19	
505.481	-20.51	
505.687	12.66	
505.892	-28.3	
506.097	-6.18	
506.303	-5.77	
506.508	-11.91	
506.713	17.58	
506.919	-30.34	
507.124	8.57	
507.329	-9.05	
507.535	36.42	
507.74	-29.93	
507.945	-7.82	
508.15	16.76	
508.356	-40.58	
508.561	16.76	
508.766	-54.1	
508.971	2.42	
509.176	-29.52	
509.381	8.98	
509.587	-0.85	
509.792	-48.37	
509.997	21.67	
510.202	-13.96	
510.407	-22.15	
510.612	22.08	
510.817	-27.07	
511.022	-10.68	
511.227	-0.44	
511.432	-3.31	
511.637	4.47	
511.842	-44.68	
512.047	-31.57	
512.252	5.29	
512.457	-12.32	
512.662	-17.65	
512.867	-42.22	
513.072	-2.49	
513.277	2.01	
513.482	36.42	
513.687	-22.15	
513.892	35.6	
514.097	-3.72	
514.302	31.91	
514.507	7.75	
514.711	5.29	
514.916	-9.05	
515.121	-12.73	
515.326	-13.14	
515.531	1.6	
515.735	-0.44	
515.94	-23.79	
516.145	9.39	
516.35	-20.92	
516.554	10.21	
516.759	-25.43	
516.964	-15.6	
517.169	-24.2	
517.373	-3.31	
517.578	-60.65	
517.783	8.16	
517.987	-7.41	
518.192	-34.03	
518.396	-10.68	
518.601	-0.44	
518.806	-4.95	
519.01	-23.79	
519.215	16.76	
519.419	-8.23	
519.624	-1.26	
519.829	18.4	
520.033	4.88	
520.238	-5.36	
520.442	-31.98	
520.647	-9.45	
520.851	14.71	
521.055	12.25	
521.26	-0.44	
521.464	-12.73	
521.669	-10.68	
521.873	-21.74	
522.078	56.49	
522.282	-9.45	
522.486	16.35	
522.691	30.69	
522.895	21.67	
523.099	-21.74	
523.304	-27.89	
523.508	-3.31	
523.712	5.29	
523.917	-40.99	
524.121	20.86	
524.325	-1.26	
524.53	24.54	
524.734	11.43	
524.938	-31.16	
525.142	-29.93	
525.346	-7.82	
525.551	-4.13	
525.755	3.24	
525.959	15.94	
526.163	0.38	
526.367	2.42	
526.571	-26.25	
526.776	-4.13	
526.98	17.58	
527.184	-41.81	
527.388	-22.97	
527.592	52.8	
527.796	47.07	
528	-20.51	
528.204	-18.47	
528.408	-29.93	
528.612	-27.48	
528.816	-14.37	
529.02	-44.68	
529.224	-57.79	
529.428	-14.78	
529.632	-30.34	
529.836	14.3	
530.04	-12.73	
530.244	-28.3	
530.448	30.28	
530.652	8.98	
530.855	-3.72	
531.059	-6.18	
531.263	16.76	
531.467	-31.98	
531.671	-13.96	
531.875	-19.69	
532.078	-12.73	
532.282	15.12	
532.486	-18.47	
532.69	-12.32	
532.893	15.94	
533.097	46.25	
533.301	0.38	
533.505	-26.66	
533.708	18.81	
533.912	27.82	
534.116	-13.14	
534.319	-17.24	
534.523	-29.93	
534.727	12.25	
534.93	23.31	
535.134	-15.19	
535.338	6.93	
535.541	6.52	
535.745	10.62	
535.948	-33.62	
536.152	25.36	
536.355	-23.79	
536.559	52.8	
536.762	-18.47	
536.966	-4.13	
537.169	-33.62	
537.373	-40.99	
537.576	-0.03	
537.78	-9.86	
537.983	15.53	
538.187	0.79	
538.39	-19.29	
538.593	-17.24	
538.797	-36.08	
539	1.6	
539.204	33.55	
539.407	-25.02	
539.61	-58.2	
539.814	19.63	
540.017	-5.36	
540.22	-41.4	
540.424	-22.97	
540.627	-56.97	
540.83	-34.44	
541.033	-2.08	
541.237	-2.9	
541.44	-27.89	
541.643	-13.14	
541.846	-18.88	
542.049	-5.77	
542.253	-40.99	
542.456	-33.21	
542.659	11.02	
542.862	38.88	
543.065	28.23	
543.268	-1.67	
543.471	9.8	
543.674	-9.05	
543.878	-18.88	
544.081	-33.62	
544.284	21.67	
544.487	7.75	
544.69	-4.13	
544.893	24.95	
545.096	-25.02	
545.299	1.19	
545.502	30.69	
545.705	4.06	
545.908	-51.23	
546.111	-8.64	
546.314	-41.81	
546.516	24.13	
546.719	-47.14	
546.922	-10.27	
547.125	2.42	
547.328	15.53	
547.531	24.13	
547.734	-16.01	
547.936	-42.63	
548.139	-49.19	
548.342	30.28	
548.545	12.25	
548.748	42.97	
548.95	10.62	
549.153	-13.55	
549.356	-8.23	
549.559	11.02	
549.761	-5.36	
549.964	-18.47	
550.167	-18.88	
550.369	-16.42	
550.572	-46.73	
550.775	7.34	
550.977	21.26	
551.18	-1.67	
551.383	-2.49	
551.585	0.79	
551.788	8.98	
551.99	63.04	
552.193	2.83	
552.396	8.57	
552.598	-47.55	
552.801	-14.37	
553.003	0.38	
553.206	7.75	
553.408	21.67	
553.611	-29.93	
553.813	-18.06	
554.015	-31.98	
554.218	1.19	
554.42	-58.2	
554.623	-54.1	
554.825	0.79	
555.027	-22.15	
555.23	10.62	
555.432	15.53	
555.635	5.7	
555.837	38.88	
556.039	-24.61	
556.242	9.8	
556.444	14.71	
556.646	0.79	
556.848	15.53	
557.051	-25.43	
557.253	3.24	
557.455	8.57	
557.657	33.55	
557.86	-11.09	
558.062	0.79	
558.264	8.16	
558.466	-7.41	
558.668	-29.52	
558.87	61.81	
559.073	-9.05	
559.275	19.63	
559.477	-18.47	
559.679	17.99	
559.881	22.49	
560.083	12.25	
560.285	31.5	
560.487	0.38	
560.689	-18.88	
560.891	-8.23	
561.093	20.86	
561.295	-48.78	
561.497	21.26	
561.699	15.53	
561.901	-5.36	
562.103	16.76	
562.305	14.71	
562.507	46.66	
562.709	-9.05	
562.911	6.11	
563.113	-8.23	
563.314	-13.55	
563.516	-37.31	
563.718	4.06	
563.92	-24.2	
564.122	12.66	
564.323	13.48	
564.525	5.29	
564.727	20.86	
564.929	-16.42	
565.131	31.5	
565.332	-33.21	
565.534	-4.13	
565.736	33.96	
565.937	-10.68	
566.139	18.4	
566.341	-6.18	
566.542	20.04	
566.744	13.89	
566.946	-7.82	
567.147	-10.27	
567.349	-31.16	
567.551	17.17	
567.752	-43.04	
567.954	-32.39	
568.155	-16.42	
568.357	-13.96	
568.558	-31.98	
568.76	-22.97	
568.961	-43.86	
569.163	4.06	
569.364	-18.88	
569.566	-32.8	
569.767	13.48	
569.969	-0.44	
570.17	1.6	
570.372	8.16	
570.573	-9.05	
570.774	-10.68	
570.976	14.3	
571.177	8.16	
571.378	-45.91	
571.58	18.4	
571.781	7.75	
571.982	7.34	
572.184	35.6	
572.385	-13.14	
572.586	-4.13	
572.788	-9.05	
572.989	4.47	
573.19	-15.19	
573.391	8.98	
573.592	17.17	
573.794	-29.12	
573.995	20.86	
574.196	-33.62	
574.397	11.84	
574.598	11.84	
574.799	1.6	
575.001	4.47	
575.202	17.58	
575.403	-34.85	
575.604	-19.69	
575.805	-52.46	
576.006	7.75	
576.207	5.7	
576.408	-0.85	
576.609	13.48	
576.81	14.71	
577.011	-33.62	
577.212	-38.95	
577.413	-38.95	
577.614	-0.44	
577.815	-49.19	
578.016	-8.23	
578.217	56.9	
578.418	9.8	
578.619	13.89	
578.819	1.6	
579.02	9.8	
579.221	34.37	
579.422	-30.34	
579.623	-17.24	
579.824	-30.75	
580.024	-24.61	
580.225	19.22	
580.426	-0.44	
580.627	29.87	
580.827	31.09	
581.028	34.37	
581.229	31.5	
581.43	31.09	
581.63	-35.67	
581.831	6.93	
582.032	-9.05	
582.232	-35.67	
582.433	11.02	
582.634	31.5	
582.834	28.64	
583.035	-2.9	
583.235	20.04	
583.436	29.05	
583.636	30.69	
583.837	50.35	
584.038	-30.34	
584.238	49.12	
584.439	-11.5	
584.639	37.24	
584.84	15.12	
585.04	24.54	
585.241	37.65	
585.441	-11.91	
585.641	41.33	
585.842	1.6	
586.042	26.59	
586.243	27	
586.443	16.76	
586.643	12.66	
586.844	-0.85	
587.044	-35.26	
587.244	27	
587.445	-59.43	
587.645	21.26	
587.845	70.01	
588.046	56.49	
588.246	51.98	
588.446	-9.86	
588.646	11.84	
588.847	40.93	
589.047	91.31	
589.247	13.07	
589.447	27	
589.647	32.32	
589.847	53.21	
590.048	30.69	
590.248	-4.13	
590.448	58.95	
590.648	76.56	
590.848	23.31	
591.048	43.79	
591.248	7.75	
591.448	28.64	
591.648	14.3	
591.848	62.63	
592.048	50.76	
592.248	83.93	
592.448	47.89	
592.648	66.32	
592.848	50.76	
593.048	70.83	
593.248	61.81	
593.448	46.25	
593.648	70.83	
593.848	103.59	
594.048	49.53	
594.248	76.15	
594.447	38.06	
594.647	110.56	
594.847	94.17	
595.047	109.74	
595.247	96.63	
595.447	74.51	
595.646	106.05	
595.846	82.29	
596.046	74.92	
596.246	106.46	
596.445	79.02	
596.645	114.65	
596.845	156.84	
597.044	105.23	
597.244	106.46	
597.444	143.73	
597.643	176.09	
597.843	105.23	
598.043	135.54	
598.242	143.32	
598.442	140.46	
598.641	87.21	
598.841	147.42	
599.041	126.94	
599.24	145.37	
599.44	174.86	
599.639	149.88	
599.839	181.83	
600.038	206.4	
600.238	193.7	
600.437	207.63	
600.637	185.92	
600.836	231.8	
601.035	217.46	
601.235	218.28	
601.434	236.3	
601.634	227.7	
601.833	162.57	
602.032	177.73	
602.232	263.33	
602.431	239.17	
602.63	256.37	
602.83	286.68	
603.029	295.28	
603.228	339.93	
603.427	326	
603.627	272.76	
603.826	252.69	
604.025	288.73	
604.224	305.52	
604.424	312.9	
604.623	362.46	
604.822	337.47	
605.021	365.32	
605.22	332.15	
605.419	365.73	
605.618	410.79	
605.818	434.54	
606.017	396.86	
606.216	438.23	
606.415	438.23	
606.614	461.99	
606.813	415.29	
607.012	463.63	
607.211	468.13	
607.41	498.85	
607.609	503.36	
607.808	480.01	
608.007	533.67	
608.206	536.53	
608.405	491.48	
608.604	591.83	
608.802	550.87	
609.001	576.26	
609.2	532.44	
609.399	611.08	
609.598	649.99	
609.797	648.76	
609.996	593.06	
610.194	645.49	
610.393	679.07	
610.592	691.36	
610.791	690.54	
610.99	750.34	
611.188	686.04	
611.387	795.81	
611.586	761.81	
611.784	813.83	
611.983	808.5	
612.182	810.14	
612.38	760.99	
612.579	862.98	
612.778	893.7	
612.976	820.38	
613.175	920.32	
613.374	896.98	
613.572	915.82	
613.771	933.43	
613.969	924.01	
614.168	1016.17	
614.366	1033.37	
614.565	970.7	
614.763	1004.29	
614.962	1030.5	
615.16	1066.55	
615.359	1103	
615.557	1091.53	
615.756	1158.3	
615.954	1093.58	
616.153	1174.68	
616.351	1174.68	
616.549	1213.18	
616.748	1202.94	
616.946	1265.61	
617.144	1239.81	
617.343	1243.49	
617.541	1298.38	
617.739	1359.41	
617.938	1330.33	
618.136	1325.82	
618.334	1385.62	
618.532	1386.44	
618.731	1447.88	
618.929	1446.24	
619.127	1465.08	
619.325	1431.5	
619.523	1448.29	
619.722	1496.21	
619.92	1504.4	
620.118	1497.85	
620.316	1574.03	
620.514	1598.61	
620.712	1590.83	
620.91	1652.68	
621.108	1689.13	
621.306	1646.94	
621.505	1614.17	
621.703	1733.37	
621.901	1726.81	
622.099	1776.78	
622.297	1753.44	
622.495	1769	
622.693	1766.95	
622.89	1798.9	
623.088	1802.59	
623.286	1895.98	
623.484	1886.15	
623.682	1929.56	
623.88	1888.19	
624.078	1861.16	
624.276	1926.69	
624.474	1934.07	
624.671	1954.55	
624.869	2011.07	
625.067	1991	
625.265	2016.4	
625.463	2020.08	
625.66	2093.81	
625.858	2094.22	
626.056	2094.22	
626.254	2116.34	
626.451	2082.34	
626.649	2144.6	
626.847	2120.02	
627.044	2170.4	
627.242	2188.02	
627.44	2185.97	
627.637	2199.48	
627.835	2261.33	
628.032	2221.6	
628.23	2247.82	
628.428	2271.98	
628.625	2237.58	
628.823	2264.2	
629.02	2215.46	
629.218	2274.03	
629.415	2262.15	
629.613	2251.5	
629.81	2332.19	
630.008	2297.79	
630.205	2301.06	
630.403	2317.86	
630.6	2337.52	
630.797	2332.19	
630.995	2362.09	
631.192	2310.89	
631.39	2314.99	
631.587	2397.32	
631.784	2375.2	
631.982	2459.99	
632.179	2376.84	
632.376	2389.13	
632.574	2413.7	
632.771	2390.76	
632.968	2388.72	
633.165	2366.6	
633.363	2463.67	
633.56	2416.57	
633.757	2346.53	
633.954	2385.03	
634.151	2321.13	
634.349	2369.47	
634.546	2357.18	
634.743	2326.46	
634.94	2416.16	
635.137	2361.27	
635.334	2325.64	
635.531	2328.1	
635.728	2402.23	
635.925	2376.43	
636.122	2336.29	
636.319	2322.36	
636.516	2335.47	
636.713	2356.36	
636.91	2324	
637.107	2367.01	
637.304	2281.4	
637.501	2276.08	
637.698	2259.28	
637.895	2310.89	
638.092	2355.95	
638.289	2259.28	
638.486	2297.38	
638.683	2220.78	
638.88	2268.71	
639.076	2214.64	
639.273	2224.88	
639.47	2235.94	
639.667	2210.13	
639.864	2176.96	
640.06	2200.3	
640.257	2187.2	
640.454	2072.51	
640.651	2116.34	
640.847	2151.15	
641.044	2047.93	
641.241	2114.29	
641.437	2020.49	
641.634	2102.41	
641.831	2042.61	
642.027	2010.66	
642.224	1975.03	
642.421	2005.75	
642.617	1996.74	
642.814	1989.77	
643.01	1941.85	
643.207	1941.03	
643.403	1904.17	
643.6	1877.54	
643.796	1902.53	
643.993	1818.56	
644.189	1901.71	
644.386	1741.97	
644.582	1805.86	
644.779	1764.5	
644.975	1721.49	
645.172	1691.18	
645.368	1751.39	
645.564	1712.89	
645.761	1674.79	
645.957	1721.49	
646.153	1701.42	
646.35	1655.95	
646.546	1622.37	
646.742	1592.47	
646.939	1587.55	
647.135	1568.3	
647.331	1492.12	
647.527	1548.23	
647.724	1521.2	
647.92	1446.65	
648.116	1470.82	
648.312	1464.67	
648.509	1452.39	
648.705	1377.84	
648.901	1440.92	
649.097	1394.22	
649.293	1329.1	
649.489	1328.69	
649.685	1350.4	
649.881	1381.53	
650.077	1338.52	
650.274	1286.91	
650.47	1266.84	
650.666	1269.3	
650.862	1218.51	
651.058	1213.18	
651.254	1228.75	
651.45	1177.14	
651.645	1203.35	
651.841	1157.07	
652.037	1193.52	
652.233	1213.18	
652.429	1181.23	
652.625	1139.87	
652.821	1097.27	
653.017	1123.48	
653.213	1106.69	
653.408	1078.84	
653.604	1036.65	
653.8	1015.76	
653.996	995.69	
654.192	959.64	
654.387	968.66	
654.583	969.47	
654.779	967.02	
654.975	980.94	
655.17	929.33	
655.366	901.48	
655.562	855.61	
655.757	937.53	
655.953	891.65	
656.149	895.34	
656.344	835.54	
656.54	847.82	
656.735	852.33	
656.931	819.56	
657.127	807.68	
657.322	808.09	
657.518	815.47	
657.713	765.09	
657.909	748.29	
658.104	742.97	
658.3	731.5	
658.495	652.04	
658.691	739.28	
658.886	709.38	
659.082	711.84	
659.277	707.74	
659.472	685.22	
659.668	678.25	
659.863	659	
660.059	629.1	
660.254	590.6	
660.449	613.13	
660.644	649.99	
660.84	631.56	
661.035	622.14	
661.23	534.49	
661.426	596.33	
661.621	586.91	
661.816	542.68	
662.011	542.27	
662.207	544.32	
662.402	567.66	
662.597	517.28	
662.792	492.71	
662.987	511.55	
663.182	493.94	
663.377	521.79	
663.573	522.61	
663.768	476.32	
663.963	508.68	
664.158	504.59	
664.353	430.86	
664.548	430.86	
664.743	466.9	
664.938	472.64	
665.133	473.87	
665.328	398.91	
665.523	406.69	
665.718	327.23	
665.913	427.17	
666.108	450.52	
666.303	352.63	
666.498	378.02	
666.692	385.39	
666.887	384.98	
667.082	352.63	
667.277	346.48	
667.472	370.65	
667.667	369.42	
667.861	406.28	
668.056	347.71	
668.251	329.69	
668.446	369.83	
668.64	328.46	
668.835	346.07	
669.03	325.18	
669.225	324.36	
669.419	315.35	
669.614	310.85	
669.809	310.44	
670.003	293.64	
670.198	307.16	
670.393	283.4	
670.587	335.42	
670.782	293.23	
670.976	276.03	
671.171	296.51	
671.365	260.47	
671.56	220.74	
671.754	265.79	
671.949	245.72	
672.143	267.43	
672.338	253.91	
672.532	232.21	
672.727	273.98	
672.921	261.7	
673.116	233.84	
673.31	257.6	
673.504	229.34	
673.699	248.59	
673.893	252.69	
674.088	246.95	
674.282	237.53	
674.476	200.67	
674.67	248.18	
674.865	193.29	
675.059	224.01	
675.253	230.57	
675.448	205.58	
675.642	222.78	
675.836	202.71	
676.03	209.27	
676.224	149.47	
676.419	159.3	
676.613	181.42	
676.807	178.96	
677.001	174.45	
677.195	164.62	
677.389	165.85	
677.583	194.52	
677.777	188.79	
677.972	154.79	
678.166	156.43	
678.36	164.21	
678.554	173.63	
678.748	184.28	
678.942	185.51	
679.136	188.38	
679.33	137.18	
679.524	110.15	
679.717	145.37	
679.911	148.24	
680.105	193.29	
680.299	152.74	
680.493	131.45	
680.687	104.41	
680.881	117.93	
681.075	141.28	
681.268	165.44	
681.462	97.45	
681.656	125.3	
681.85	107.69	
682.044	138	
682.237	183.46	
682.431	164.21	
682.625	160.53	
682.819	148.65	
683.012	140.87	
683.206	130.63	
683.4	145.78	
683.593	151.93	
683.787	164.62	
683.981	107.69	
684.174	93.76	
684.368	163.8	
684.561	104	
684.755	126.53	
684.948	161.76	
685.142	115.47	
685.335	74.92	
685.529	77.79	
685.722	116.29	
685.916	80.66	
686.109	97.86	
686.303	86.8	
686.496	104.41	
686.69	147.01	
686.883	57.31	
687.077	56.9	
687.27	41.33	
687.463	82.7	
687.657	103.18	
687.85	114.24	
688.043	103.18	
688.237	94.58	
688.43	77.38	
688.623	81.07	
688.816	79.43	
689.01	101.14	
689.203	80.66	
689.396	72.46	
689.589	61.81	
689.783	35.19	
689.976	53.21	
690.169	142.91	
690.362	35.19	
690.555	20.45	
690.748	93.35	
690.941	114.24	
691.135	82.7	
691.328	98.68	
691.521	84.75	
691.714	72.46	
691.907	80.66	
692.1	47.48	
692.293	100.32	
692.486	55.67	
692.679	67.14	
692.872	58.54	
693.065	35.6	
693.258	69.6	
693.451	61.81	
693.644	51.57	
693.836	40.52	
694.029	64.68	
694.222	43.79	
694.415	88.85	
694.608	67.55	
694.801	43.79	
694.993	40.93	
695.186	73.69	
695.379	98.27	
695.572	45.84	
695.765	79.43	
695.957	57.31	
696.15	29.87	
696.343	42.97	
696.535	54.03	
696.728	30.69	
696.921	47.07	
697.113	56.49	
697.306	17.99	
697.499	63.45	
697.691	44.2	
697.884	40.52	
698.076	33.14	
698.269	49.94	
698.462	54.03	
698.654	64.27	
698.847	27.41	
699.039	77.38	
699.232	20.45	
699.424	39.29	
699.617	-6.59	
699.809	0.38	
700.001	-16.42	
700.194	12.25	
700.386	33.55	
700.579	43.79	
700.771	8.16	
700.963	23.72	
701.156	-1.26	
701.348	-5.77	
701.54	11.43	
701.733	26.18	
701.925	22.08	
702.117	38.88	
702.309	34.78	
702.502	9.8	
702.694	20.86	
702.886	107.69	
703.078	27	
703.271	31.5	
703.463	-9.45	
703.655	-4.95	
703.847	60.18	
704.039	52.39	
704.231	42.97	
704.423	65.5	
704.615	24.95	
704.808	19.63	
705	-8.23	
705.192	49.53	
705.384	20.86	
705.576	-11.09	
705.768	42.15	
705.96	38.06	
706.152	10.62	
706.344	11.84	
706.536	4.06	
706.727	12.25	
706.919	-2.08	
707.111	1.6	
707.303	7.34	
707.495	-25.84	
707.687	-2.49	
707.879	73.69	
708.071	19.22	
708.262	8.98	
708.454	-13.96	
708.646	32.32	
708.838	13.48	
709.029	38.06	
709.221	-16.01	
709.413	25.36	
709.605	20.86	
709.796	28.64	
709.988	33.96	
710.18	38.88	
710.371	42.56	
710.563	4.47	
710.755	8.57	
710.946	47.89	
711.138	24.95	
711.329	63.04	
711.521	-0.85	
711.712	21.26	
711.904	-0.03	
712.095	-33.21	
712.287	-2.49	
712.478	42.56	
712.67	23.31	
712.861	16.35	
713.053	57.72	
713.244	48.3	
713.436	15.94	
713.627	3.65	
713.818	5.29	
714.01	11.02	
714.201	14.71	
714.393	-2.49	
714.584	-24.61	
714.775	-23.79	
714.966	21.67	
715.158	12.25	
715.349	-22.56	
715.54	0.38	
715.732	-12.73	
715.923	-7.41	
716.114	19.22	
716.305	9.39	
716.496	7.34	
716.688	-4.95	
716.879	6.93	
717.07	38.06	
717.261	17.17	
717.452	5.29	
717.643	-10.68	
717.834	29.87	
718.025	-33.21	
718.216	-11.91	
718.407	17.99	
718.598	2.42	
718.789	7.34	
718.98	-3.72	
719.171	-29.93	
719.362	16.76	
719.553	31.5	
719.744	5.29	
719.935	-1.26	
720.126	33.14	
720.317	18.81	
720.508	-2.49	
720.699	-9.45	
720.889	8.57	
721.08	-0.03	
721.271	-3.31	
721.462	26.59	
721.653	51.98	
721.843	7.34	
722.034	-14.37	
722.225	5.7	
722.416	-49.19	
722.606	22.08	
722.797	26.18	
722.988	12.66	
723.178	-32.8	
723.369	11.02	
723.56	-4.95	
723.75	-7.41	
723.941	6.11	
724.132	16.35	
724.322	7.34	
724.513	2.83	
724.703	36.01	
724.894	9.39	
725.084	45.84	
725.275	-1.67	
725.465	37.65	
725.656	31.5	
725.846	-0.44	
726.037	-3.72	
726.227	-23.38	
726.417	45.84	
726.608	-1.67	
726.798	-5.77	
726.989	17.17	
727.179	28.23	
727.369	31.09	
727.56	47.07	
727.75	10.21	
727.94	45.02	
728.131	22.49	
728.321	21.26	
728.511	-2.08	
728.701	-9.86	
728.892	-20.1	
729.082	6.93	
729.272	-4.54	
729.462	-0.03	
729.652	-7	
729.842	6.93	
730.033	-11.09	
730.223	-19.69	
730.413	-2.9	
730.603	-23.38	
730.793	-46.73	
730.983	-4.13	
731.173	2.83	
731.363	32.32	
731.553	45.02	
731.743	-10.27	
731.933	-2.08	
732.123	17.58	
732.313	31.5	
732.503	-18.06	
732.693	36.83	
732.883	33.55	
733.073	33.55	
733.263	29.05	
733.452	-16.42	
733.642	-10.27	
733.832	-4.13	
734.022	-0.85	
734.212	-25.84	
734.402	-1.67	
734.591	31.5	
734.781	-0.85	
734.971	8.57	
735.161	-43.45	
735.35	26.59	
735.54	-12.32	
735.73	-10.27	
735.919	-24.61	
736.109	-14.37	
736.299	-22.15	
736.488	-6.59	
736.678	-31.98	
736.867	13.89	
737.057	-8.64	
737.247	-16.83	
737.436	-34.03	
737.626	-11.91	
737.815	67.14	
738.005	-23.79	
738.194	-4.95	
738.384	-52.87	
738.573	-22.97	
738.763	27	
738.952	-41.81	
739.141	-26.66	
739.331	14.71	
739.52	11.02	
739.71	11.84	
739.899	21.26	
740.088	15.12	
740.278	-18.88	
740.467	-3.72	
740.656	29.46	
740.846	-18.88	
741.035	13.07	
741.224	-10.68	
741.413	-35.26	
741.603	13.48	
741.792	0.38	
741.981	-33.21	
742.17	-29.12	
742.359	-43.45	
742.548	-37.72	
742.738	1.6	
742.927	-11.09	
743.116	6.93	
743.305	7.75	
743.494	42.56	
743.683	14.3	
743.872	6.11	
744.061	-40.17	
744.25	3.65	
744.439	28.64	
744.628	-24.2	
744.817	61.81	
745.006	47.07	
745.195	2.42	
745.384	-0.03	
745.573	-12.32	
745.762	-20.92	
745.951	-19.29	
746.139	4.47	
746.328	-1.67	
746.517	27	
746.706	-5.77	
746.895	-35.67	
747.084	-24.61	
747.272	2.83	
747.461	-37.72	
747.65	8.16	
747.839	-34.44	
748.027	-25.02	
748.216	65.09	
748.405	41.74	
748.593	-21.33	
748.782	-0.85	
748.971	25.77	
749.159	11.84	
749.348	-6.18	
749.536	20.45	
749.725	-11.91	
749.914	-18.88	
750.102	-7.41	
750.291	18.4	
750.479	17.99	
750.668	42.56	
750.856	-0.85	
751.045	-7	
751.233	64.68	
751.421	15.94	
751.61	12.66	
751.798	10.62	
751.987	37.65	
752.175	9.39	
752.363	-25.02	
752.552	-0.85	
752.74	-22.56	
752.928	88.03	
753.117	-5.36	
753.305	3.24	
753.493	-22.15	
753.682	19.63	
753.87	-2.49	
754.058	70.42	
754.246	39.29	
754.434	-11.5	
754.623	-25.02	
754.811	-5.36	
754.999	43.79	
755.187	-8.64	
755.375	-11.91	
755.563	34.37	
755.751	3.65	
755.94	-54.51	
756.128	30.28	
756.316	-31.16	
756.504	2.83	
756.692	-23.79	
756.88	10.21	
757.068	-21.33	
757.256	18.81	
757.444	6.52	
757.632	4.88	
757.819	-1.67	
758.007	-1.67	
758.195	-29.93	
758.383	29.87	
758.571	-42.22	
758.759	-31.98	
758.947	-9.86	
759.135	-10.68	
759.322	31.91	
759.51	-30.75	
759.698	-50.82	
759.886	-2.08	
760.073	-20.51	
760.261	6.93	
760.449	-36.08	
760.637	-21.33	
760.824	0.38	
761.012	29.87	
761.2	-0.85	
761.387	-16.01	
761.575	-17.24	
761.762	5.7	
761.95	0.79	
762.138	-10.68	
762.325	-12.73	
762.513	22.08	
762.7	28.23	
762.888	36.01	
763.075	-31.57	
763.263	24.95	
763.45	5.29	
763.638	-49.59	
763.825	37.24	
764.012	29.87	
764.2	29.87	
764.387	22.49	
764.575	22.9	
764.762	-22.56	
764.949	-22.56	
765.137	-10.68	
765.324	-0.85	
765.511	36.83	
765.699	-10.68	
765.886	6.52	
766.073	10.62	
766.26	6.52	
766.448	34.78	
766.635	-41.81	
766.822	-14.37	
767.009	-7.82	
767.196	-10.27	
767.383	10.62	
767.571	30.69	
767.758	24.13	
767.945	15.94	
768.132	-31.98	
768.319	18.81	
768.506	-18.06	
768.693	9.8	
768.88	3.24	
769.067	24.95	
769.254	15.94	
769.441	-25.43	
769.628	14.3	
769.815	-27.89	
770.002	-0.85	
770.189	20.86	
770.376	12.25	
770.563	-31.16	
770.75	5.29	
770.936	29.87	
771.123	29.87	
771.31	0.38	
771.497	25.36	
771.684	-6.59	
771.87	-34.85	
772.057	-41.81	
772.244	-9.05	
772.431	-13.14	
772.617	11.02	
772.804	-61.47	
772.991	33.14	
773.177	8.57	
773.364	-17.65	
773.551	2.01	
773.737	4.06	
773.924	-33.62	
774.111	41.74	
774.297	1.6	
774.484	27.41	
774.67	-43.04	
774.857	7.34	
775.043	-22.97	
775.23	-5.77	
775.416	2.83	
775.603	25.36	
775.789	12.25	
775.976	22.49	
776.162	-41.81	
776.349	-30.75	
776.535	17.99	
776.721	20.04	
776.908	14.71	
777.094	-16.83	
777.28	6.93	
777.467	17.58	
777.653	6.52	
777.839	-2.9	
778.025	10.21	
778.212	-5.77	
778.398	-24.2	
778.584	-0.03	
778.77	-15.19	
778.957	-14.37	
779.143	-12.73	
779.329	-23.79	
779.515	28.64	
779.701	-55.74	
779.887	-20.92	
780.073	47.48	
780.26	-19.29	
780.446	-4.54	
780.632	-11.09	
780.818	15.12	
781.004	32.32	
781.19	-22.56	
781.376	-39.36	
781.562	-33.62	
781.748	-4.54	
781.934	11.43	
782.12	-4.54	
782.305	1.19	
782.491	8.16	
782.677	-13.96	
782.863	51.57	
783.049	-68.85	
783.235	-10.68	
783.421	-69.67	
783.606	-26.25	
783.792	-0.85	
783.978	24.13	
784.164	46.25	
784.349	32.32	
784.535	-17.24	
784.721	-12.32	
784.907	-11.09	
785.092	4.88	
785.278	4.88	
785.464	-3.31	
785.649	-7	
785.835	-48.37	
786.02	0.79	
786.206	-38.54	
786.392	-22.56	
786.577	16.76	
786.763	-29.12	
786.948	8.57	
787.134	-18.06	
787.319	-18.06	
787.505	19.22	
787.69	-1.26	
787.876	-13.55	
788.061	17.17	
788.246	5.29	
788.432	-4.95	
788.617	-27.89	
788.803	7.34	
788.988	-10.68	
789.173	-13.96	
789.359	-19.69	
789.544	32.32	
789.729	-32.39	
789.915	-27.89	
790.1	20.86	
790.285	22.9	
790.47	-20.1	
790.655	3.24	
790.841	22.08	
791.026	0.79	
791.211	27.82	
791.396	-3.72	
791.581	27	
791.766	4.88	
791.952	10.21	
792.137	-5.36	
792.322	47.07	
792.507	-43.04	
792.692	19.22	
792.877	51.57	
793.062	19.63	
793.247	-1.67	
793.432	-3.72	
793.617	-24.61	
793.802	-2.49	
793.987	-4.95	
794.172	-6.59	
794.356	38.06	
794.541	47.07	
794.726	-11.09	
794.911	40.11	
795.096	-3.72	
795.281	-17.24	
795.466	-7.41	
795.65	-17.65	
795.835	-76.63	
796.02	30.28	
796.205	17.17	
796.389	17.99	
796.574	11.43	
796.759	17.58	
796.943	-31.16	
797.128	6.52	
797.313	41.33	
797.497	-16.83	
797.682	-49.59	
797.867	-9.05	
798.051	-23.38	
798.236	-6.18	
798.42	8.98	
798.605	9.39	
798.789	-16.83	
798.974	-22.15	
799.158	-50.41	
799.343	11.43	
799.527	-2.49	
799.712	-38.13	
799.896	-18.47	
800.081	-19.69	
800.265	13.89	
800.449	10.21	
800.634	-36.9	
800.818	24.95	
801.002	11.84	
801.187	-23.79	
801.371	7.34	
801.555	-14.78	
801.74	-3.72	
801.924	19.63	
802.108	-9.45	
802.292	16.76	
802.477	32.32	
802.661	33.14	
802.845	28.23	
803.029	-2.49	
803.213	25.77	
803.397	15.12	
803.581	49.12	
803.766	20.45	
803.95	12.25	
804.134	-23.38	
804.318	-52.46	
804.502	-13.96	
804.686	-21.74	
804.87	-2.08	
805.054	51.17	
805.238	-2.08	
805.422	21.26	
805.606	-20.1	
805.79	7.75	
805.973	8.16	
806.157	22.08	
806.341	-60.24	
806.525	-12.73	
806.709	15.94	
806.893	20.04	
807.077	4.06	
807.26	-5.77	
807.444	30.69	
807.628	-17.65	
807.812	-38.95	
807.995	-26.66	
808.179	3.24	
808.363	-40.99	
808.546	-3.31	
808.73	-14.37	
808.914	-29.12	
809.097	-16.42	
809.281	-10.27	
809.465	-28.71	
809.648	-2.9	
809.832	-34.03	
810.015	-0.44	
810.199	-7.41	
810.382	22.49	
810.566	-7.41	
810.749	13.89	
810.933	4.88	
811.116	9.39	
811.3	-14.78	
811.483	-48.37	
811.667	-25.02	
811.85	4.47	
812.034	-20.92	
812.217	-4.95	
812.4	-32.8	
812.584	-8.64	
812.767	-54.92	
812.95	1.19	
813.133	-25.43	
813.317	-45.5	
813.5	47.89	
813.683	-22.97	
813.866	-18.06	
814.05	12.25	
814.233	11.43	
814.416	32.32	
814.599	6.93	
814.782	-16.83	
814.965	-30.75	
815.149	4.47	
815.332	-21.33	
815.515	-34.03	
815.698	-36.49	
815.881	-6.59	
816.064	-7	
816.247	-34.85	
816.43	14.71	
816.613	-38.13	
816.796	22.9	
816.979	-15.6	
817.162	-15.19	
817.345	32.73	
817.528	1.19	
817.711	1.19	
817.893	-5.36	
818.076	-22.15	
818.259	-50.41	
818.442	-25.43	
818.625	12.25	
818.808	18.4	
818.99	2.01	
819.173	4.47	
819.356	-40.58	
819.539	-18.88	
819.721	14.71	
819.904	-21.33	
820.087	9.8	
820.269	11.84	
820.452	-3.72	
820.635	25.36	
820.817	-7	
821	-33.21	
821.182	3.24	
821.365	-20.92	
821.548	13.07	
821.73	-23.38	
821.913	4.47	
822.095	-24.2	
822.278	-10.27	
822.46	7.34	
822.642	-27.89	
822.825	-8.64	
823.007	-0.44	
823.19	-4.54	
823.372	9.39	
823.555	-21.33	
823.737	-21.33	
823.919	-28.71	
824.102	-27.89	
824.284	-11.5	
824.466	-13.14	
824.648	-42.63	
824.831	-18.06	
825.013	-19.69	
825.195	-20.51	
825.377	-16.42	
825.56	-40.99	
825.742	-26.66	
825.924	-13.96	
826.106	-41.4	
826.288	2.01	
826.47	29.87	
826.652	-0.44	
826.835	8.98	
827.017	-47.14	
827.199	17.58	
827.381	12.25	
827.563	-4.95	
827.745	8.98	
827.927	-21.74	
828.109	38.47	
828.291	-31.16	
828.473	-32.8	
828.655	-14.78	
828.836	29.46	
829.018	-11.91	
829.2	6.52	
829.382	0.38	
829.564	27	
829.746	-33.21	
829.928	-22.15	
830.109	2.01	
830.291	-2.49	
830.473	-7	
830.655	4.47	
830.836	-13.14	
831.018	-47.55	
831.2	31.09	
831.382	-20.1	
831.563	7.34	
831.745	-0.85	
831.926	-6.18	
832.108	-51.64	
832.29	8.98	
832.471	-6.18	
832.653	41.33	
832.834	13.89	
833.016	-31.98	
833.197	-7	
833.379	-27.48	
833.56	-5.77	
833.742	-36.08	
833.923	-26.66	
834.105	-5.77	
834.286	-7	
834.468	-54.1	
834.649	-27.89	
834.83	-24.61	
835.012	-21.33	
835.193	10.21	
835.374	27	
835.556	31.91	
835.737	-17.65	
835.918	-3.72	
836.1	30.69	
836.281	-13.96	
836.462	32.73	
836.643	-15.19	
836.824	29.46	
837.006	39.29	
837.187	-0.44	
837.368	-25.02	
837.549	13.48	
837.73	8.98	
837.911	13.48	
838.092	14.71	
838.273	21.26	
838.455	14.71	
838.636	27	
838.817	-18.06	
838.998	-26.66	
839.179	-0.03	
839.36	12.25	
839.54	-20.92	
839.721	-32.8	
839.902	-18.88	
840.083	2.83	
840.264	28.23	
840.445	-1.67	
840.626	-3.31	
840.807	-26.25	
840.988	-18.88	
841.168	-27.07	
841.349	5.7	
841.53	35.19	
841.711	-13.96	
841.891	50.35	
842.072	23.72	
842.253	5.7	
842.434	-29.52	
842.614	-9.86	
842.795	-8.64	
842.976	-20.51	
843.156	-20.92	
843.337	9.39	
843.517	8.16	
843.698	15.12	
843.878	7.34	
844.059	-36.9	
844.24	-21.33	
844.42	-13.55	
844.601	23.72	
844.781	-20.51	
844.962	9.39	
845.142	-11.09	
845.322	-51.64	
845.503	-4.13	
845.683	2.01	
845.864	51.98	
846.044	17.58	
846.224	8.57	
846.405	3.65	
846.585	0.79	
846.765	-2.9	
846.946	26.18	
847.126	-18.06	
847.306	-3.31	
847.486	-20.1	
847.667	-23.79	
847.847	22.08	
848.027	-4.95	
848.207	-11.5	
848.387	-9.86	
848.567	-15.19	
848.747	-4.13	
848.928	-27.89	
849.108	-54.92	
849.288	-21.74	
849.468	22.9	
849.648	20.45	
849.828	-39.76	
850.008	15.53	
850.188	45.43	
850.368	26.59	
850.548	-31.98	
850.728	-2.49	
850.908	2.42	
851.088	-29.52	
851.267	-20.1	
851.447	-14.37	
851.627	27	
851.807	10.62	
851.987	-39.36	
852.167	5.7	
852.346	-11.09	
852.526	-24.2	
852.706	-38.54	
852.886	37.65	
853.065	-30.75	
853.245	-51.23	
853.425	-53.28	
853.605	38.06	
853.784	8.57	
853.964	-8.23	
854.143	-32.39	
854.323	53.21	
854.503	-11.5	
854.682	-2.9	
854.862	-4.13	
855.041	-12.73	
855.221	24.13	
855.4	10.21	
855.58	-54.92	
855.759	10.21	
855.939	-13.55	
856.118	-22.15	
856.298	-28.71	
856.477	13.07	
856.657	-7.82	
856.836	-32.8	
857.015	41.74	
857.195	-1.26	
857.374	-16.42	
857.553	44.2	
857.733	-28.3	
857.912	-38.54	
858.091	-17.65	
858.27	5.29	
858.45	-51.64	
858.629	15.53	
858.808	22.9	
858.987	-20.92	
859.166	-24.2	
859.345	-37.72	
859.525	-49.19	
859.704	-15.6	
859.883	-0.85	
860.062	-37.31	
860.241	-11.5	
860.42	-1.67	
860.599	-42.22	
860.778	14.71	
860.957	-19.29	
861.136	-22.56	
861.315	54.03	
861.494	-41.81	
861.673	-17.65	
861.852	-29.12	
862.031	22.49	
862.21	8.98	
862.388	-7.82	
862.567	1.19	
862.746	5.7	
862.925	19.63	
863.104	-15.19	
863.283	-17.24	
863.461	-28.3	
863.64	-8.64	
863.819	-24.61	
863.997	16.76	
864.176	-44.68	
864.355	-7	
864.534	-23.79	
864.712	31.09	
864.891	23.72	
865.069	20.45	
865.248	-31.57	
865.427	40.11	
865.605	14.71	
865.784	-9.86	
865.962	33.96	
866.141	13.48	
866.319	-30.34	
866.498	-22.56	
866.676	-14.78	
866.855	-2.08	
867.033	13.07	
867.212	-16.83	
867.39	-0.03	
867.568	-36.9	
867.747	45.02	
867.925	-37.72	
868.103	12.25	
868.282	-4.95	
868.46	-37.31	
868.638	-60.24	
868.817	11.43	
868.995	-7	
869.173	25.36	
869.351	-12.32	
869.529	-11.5	
869.708	29.46	
869.886	8.98	
870.064	-5.77	
870.242	-3.31	
870.42	5.29	
870.598	-7.41	
870.776	5.29	
870.954	24.54	
871.133	-16.01	
871.311	-18.47	
871.489	-30.75	
871.667	-19.29	
871.845	-9.86	
872.023	-13.55	
872.2	-9.86	
872.378	15.94	
872.556	-22.56	
872.734	21.26	
872.912	-27.07	
873.09	-19.69	
873.268	-27.48	
873.446	-18.47	
873.623	-2.08	
873.801	-19.29	
873.979	4.06	
874.157	-20.1	
874.335	-17.65	
874.512	23.72	
874.69	-0.44	
874.868	-26.66	
875.045	24.95	
875.223	-5.36	
875.401	-5.36	
875.578	-5.77	
875.756	40.11	
875.934	17.17	
876.111	-10.68	
876.289	16.76	
876.466	12.25	
876.644	-45.09	
876.821	-16.83	
876.999	-31.98	
877.176	-7	
877.354	-42.63	
877.531	-8.64	
877.709	-18.06	
877.886	6.93	
878.063	-5.36	
878.241	-54.92	
878.418	-54.51	
878.596	-22.97	
878.773	32.73	
878.95	-6.59	
879.127	23.31	
879.305	-12.73	
879.482	-58.2	
879.659	-9.86	
879.836	7.34	
880.014	-57.38	
880.191	-19.69	
880.368	-10.27	
880.545	-19.69	
880.722	6.52	
880.9	-11.09	
881.077	20.45	
881.254	36.83	
881.431	-10.68	
881.608	22.49	
881.785	5.29	
881.962	-45.09	
882.139	8.16	
882.316	-2.9	
882.493	2.01	
882.67	4.47	
882.847	24.54	
883.024	-0.85	
883.201	-20.51	
883.378	12.66	
883.554	10.62	
883.731	0.79	
883.908	-25.02	
884.085	7.34	
884.262	-0.03	
884.439	-39.36	
884.615	29.05	
884.792	34.37	
884.969	3.24	
885.146	-2.9	
885.322	-0.44	
885.499	37.65	
885.676	-7.41	
885.852	2.42	
886.029	-25.43	
886.205	5.29	
886.382	-18.47	
886.559	49.94	
886.735	-19.29	
886.912	45.02	
887.088	20.86	
887.265	-21.33	
887.441	2.42	
887.618	6.52	
887.794	7.75	
887.971	-37.72	
888.147	23.72	
888.324	-41.4	
888.5	-27.07	
888.676	-28.71	
888.853	3.65	
889.029	1.6	
889.205	-12.73	
889.382	10.21	
889.558	-27.07	
889.734	33.96	
889.911	27.41	
890.087	9.8	
890.263	42.97	
890.439	-46.32	
890.616	6.52	
890.792	-22.15	
890.968	-8.23	
891.144	8.98	
891.32	22.49	
891.496	11.84	
891.672	0.38	
891.848	-46.32	
892.025	-1.67	
892.201	12.25	
892.377	-2.49	
892.553	-59.83	
892.729	-49.19	
892.905	-3.31	
893.081	21.26	
893.256	-10.27	
893.432	-34.85	
893.608	-1.26	
893.784	-18.88	
893.96	-5.77	
894.136	-20.51	
894.312	13.89	
894.488	33.55	
894.663	-15.6	
894.839	-3.72	
895.015	10.62	
895.191	-13.96	
895.366	-22.97	
895.542	-2.08	
895.718	-24.2	
895.894	-45.5	
896.069	17.58	
896.245	14.71	
896.421	-18.06	
896.596	27.82	
896.772	-2.49	
896.947	8.16	
897.123	-8.23	
897.298	-6.59	
897.474	15.94	
897.649	-11.91	
897.825	-33.62	
898	-9.05	
898.176	-31.98	
898.351	5.7	
898.527	-44.68	
898.702	36.83	
898.878	6.93	
899.053	-1.26	
899.228	-6.59	
899.404	-1.26	
899.579	2.42	
899.754	-21.33	
899.93	4.47	
900.105	-18.88	
900.28	-16.42	
900.455	1.19	
900.631	-27.07	
900.806	-13.55	
900.981	14.3	
901.156	25.77	
901.331	-21.33	
901.507	-29.93	
901.682	-15.6	
901.857	6.52	
902.032	-21.74	
902.207	2.42	
902.382	-10.27	
902.557	0.79	
902.732	-28.71	
902.907	32.32	
903.082	-8.23	
903.257	-25.84	
903.432	45.43	
903.607	11.02	
903.782	32.32	
903.957	-22.15	
904.132	-26.66	
904.306	-23.38	
904.481	26.18	
904.656	-24.2	
904.831	-15.6	
905.006	-38.95	
905.181	-28.3	
905.355	-5.36	
905.53	-0.03	
905.705	-29.12	
905.879	18.81	
906.054	-22.56	
906.229	33.96	
906.404	-8.23	
906.578	-20.51	
906.753	8.16	
906.927	-15.6	
907.102	6.11	
907.277	9.39	
907.451	-11.09	
907.626	11.02	
907.8	24.13	
907.975	-27.48	
908.149	-26.66	
908.324	-2.49	
908.498	24.95	
908.673	1.19	
908.847	4.47	
909.021	-42.22	
909.196	22.08	
909.37	-29.52	
909.544	4.06	
909.719	-23.38	
909.893	-16.83	
910.067	-20.92	
910.242	14.3	
910.416	29.46	
910.59	2.83	
910.764	25.77	
910.939	-20.1	
911.113	-13.96	
911.287	40.52	
911.461	-10.27	
911.635	38.47	
911.809	-36.08	
911.984	-23.38	
912.158	-39.36	
912.332	54.03	
912.506	35.19	
912.68	-15.6	
912.854	-25.02	
913.028	30.28	
913.202	-25.84	
913.376	18.4	
913.55	-30.34	
913.724	-24.2	
913.898	-6.18	
914.071	-15.19	
914.245	47.48	
914.419	-12.32	
914.593	-16.01	
914.767	10.62	
914.941	25.77	
915.115	28.23	
915.288	9.8	
915.462	-7.82	
915.636	-0.85	
915.81	4.06	
915.983	42.56	
916.157	-33.21	
916.331	-0.44	
916.504	7.75	
916.678	18.4	
916.852	-63.11	
917.025	-18.88	
917.199	-18.47	
917.372	-12.73	
917.546	13.89	
917.719	-3.72	
917.893	15.94	
918.066	-1.26	
918.24	-39.76	
918.413	-37.72	
918.587	44.61	
918.76	-6.18	
918.934	-36.9	
919.107	-9.45	
919.28	-1.67	
919.454	-3.31	
919.627	7.75	
919.8	-27.89	
919.974	4.88	
920.147	-38.54	
920.32	54.85	
920.494	-44.68	
920.667	-18.06	
920.84	39.7	
921.013	-18.47	
921.186	-51.23	
921.36	-11.09	
921.533	17.58	
921.706	1.6	
921.879	-9.45	
922.052	-29.93	
922.225	-63.93	
922.398	2.42	
922.571	-31.16	
922.744	-31.57	
922.917	-28.3	
923.09	34.37	
923.263	-32.39	
923.436	9.8	
923.609	27	
923.782	-12.73	
923.955	-27.89	
924.128	-37.31	
924.301	-10.68	
924.474	9.8	
924.647	-21.33	
924.819	-37.72	
924.992	26.59	
925.165	37.65	
925.338	-71.3	
925.511	-51.23	
925.683	-48.78	
925.856	-59.02	
926.029	-26.25	
926.201	53.62	
926.374	23.31	
926.547	18.81	
926.719	-2.08	
926.892	0.38	
927.065	-27.89	
927.237	-7.82	
927.41	-9.86	
927.582	-23.38	
927.755	-43.86	
927.927	-9.86	
928.1	-20.92	
928.272	-33.21	
928.445	-9.86	
928.617	-8.64	
928.79	-15.19	
928.962	-39.76	
929.134	18.81	
929.307	-32.39	
929.479	22.49	
929.651	-13.55	
929.824	-6.59	
929.996	-45.09	
930.168	-23.38	
930.341	-1.26	
930.513	-12.32	
930.685	-3.31	
930.857	13.89	
931.029	-11.91	
931.202	-13.96	
931.374	18.4	
931.546	-34.44	
931.718	-22.15	
931.89	30.69	
932.062	-27.07	
932.234	1.6	
932.406	-27.48	
932.578	-34.44	
932.75	2.01	
932.922	-14.37	
933.094	-7.41	
933.266	-18.88	
933.438	12.25	
933.61	-1.67	
933.782	4.47	
933.954	28.64	
934.126	26.18	
934.298	-29.12	
934.47	-5.77	
934.641	-23.38	
934.813	21.67	
934.985	12.25	
935.157	-9.45	
935.329	-45.5	
935.5	14.71	
935.672	26.59	
935.844	-27.48	
936.015	-2.49	
936.187	-0.85	
936.359	-20.1	
936.53	7.75	
936.702	-15.6	
936.874	-1.67	
937.045	-9.05	
937.217	-7.41	
937.388	-11.91	
937.56	6.11	
937.731	-37.72	
937.903	-3.31	
938.074	-17.24	
938.246	1.19	
938.417	-31.16	
938.588	-38.54	
938.76	-3.31	
938.931	-63.11	
939.103	-19.69	
939.274	11.84	
939.445	15.94	
939.617	-25.43	
939.788	56.08	
939.959	34.78	
940.13	-19.29	
940.302	18.4	
940.473	21.26	
940.644	1.6	
940.815	22.9	
940.987	-11.5	
941.158	-7	
941.329	12.25	
941.5	3.24	
941.671	-3.72	
941.842	20.04	
942.013	-15.19	
942.184	20.45	
942.355	13.07	
942.526	32.73	
942.697	-29.93	
942.868	26.59	
943.039	-11.91	
943.21	7.34	
943.381	14.71	
943.552	-22.56	
943.723	-59.43	
943.894	-9.86	
944.065	-28.3	
944.235	-11.5	
944.406	20.04	
944.577	4.06	
944.748	2.01	
944.919	-5.77	
945.089	-8.64	
945.26	-73.35	
945.431	-27.89	
945.601	11.84	
945.772	2.01	
945.943	1.6	
946.113	-58.61	
946.284	-29.93	
946.455	-52.05	
946.625	-16.83	
946.796	-36.49	
946.966	-22.15	
947.137	-2.08	
947.307	-7	
947.478	-0.85	
947.648	18.4	
947.819	37.24	
947.989	-0.44	
948.16	-7.41	
948.33	-6.59	
948.5	18.4	
948.671	-62.7	
948.841	-15.6	
949.012	19.22	
949.182	5.29	
949.352	23.72	
949.522	-42.22	
949.693	-7	
949.863	-52.46	
950.033	3.65	
950.203	-25.84	
950.374	15.94	
950.544	25.36	
950.714	-15.6	
950.884	-44.68	
951.054	48.71	
951.224	-4.54	
951.394	-9.86	
951.564	61.81	
951.735	-36.49	
951.905	30.28	
952.075	-47.14	
952.245	-7.41	
952.415	-6.59	
952.585	-1.67	
952.754	13.07	
952.924	-13.96	
953.094	-23.79	
953.264	-7.82	
953.434	12.66	
953.604	10.21	
953.774	-0.03	
953.944	8.57	
954.113	-17.24	
954.283	-42.63	
954.453	-14.78	
954.623	-21.74	
954.792	-18.88	
954.962	24.95	
955.132	48.71	
955.302	-30.75	
955.471	-25.43	
955.641	-10.68	
955.81	8.16	
955.98	-24.61	
956.15	-22.56	
956.319	12.25	
956.489	6.11	
956.658	-25.43	
956.828	-31.16	
956.997	-13.14	
957.167	-6.59	
957.336	17.58	
957.506	-14.78	
957.675	8.57	
957.845	36.42	
958.014	-9.45	
958.183	-4.54	
958.353	-13.55	
958.522	-9.05	
958.691	-13.55	
958.861	-21.74	
959.03	-28.71	
959.199	53.62	
959.368	0.38	
959.538	22.49	
959.707	-27.48	
959.876	2.42	
960.045	-6.59	
960.214	-25.02	
960.383	-40.99	
960.553	-0.85	
960.722	22.08	
960.891	1.6	
961.06	-33.62	
961.229	33.96	
961.398	37.24	
961.567	-20.1	
961.736	-8.64	
961.905	12.66	
962.074	-33.21	
962.243	9.39	
962.412	-18.88	
962.581	-4.13	
962.75	-14.78	
962.918	-35.67	
963.087	-53.28	
963.256	-8.64	
963.425	12.25	
963.594	-18.47	
963.763	-6.18	
963.931	-26.25	
964.1	58.13	
964.269	-3.72	
964.437	-30.34	
964.606	28.23	
964.775	33.96	
964.943	-0.85	
965.112	-1.67	
965.281	34.37	
965.449	-2.49	
965.618	-32.39	
965.786	18.81	
965.955	26.59	
966.124	-37.72	
966.292	1.19	
966.461	-16.01	
966.629	-33.62	
966.797	-29.93	
966.966	10.62	
967.134	-11.91	
967.303	15.94	
967.471	-31.57	
967.639	0.38	
967.808	-43.45	
967.976	-39.76	
968.144	-4.13	
968.313	-10.27	
968.481	15.53	
968.649	-0.03	
968.817	4.06	
968.986	27.41	
969.154	28.23	
969.322	-27.89	
969.49	-4.54	
969.658	-17.24	
969.827	20.86	
969.995	-4.54	
970.163	46.25	
970.331	-27.89	
970.499	32.32	
970.667	-18.47	
970.835	8.98	
971.003	-81.54	
971.171	52.39	
971.339	-14.78	
971.507	-22.56	
971.675	56.08	
971.843	-27.07	
972.011	6.11	
972.178	-12.32	
972.346	-1.26	
972.514	49.94	
972.682	-19.69	
972.85	-44.27	
973.018	5.7	
973.185	-9.45	
973.353	2.42	
973.521	16.35	
973.689	-4.54	
973.856	-20.1	
974.024	-11.5	
974.192	-22.56	
974.359	-20.1	
974.527	28.23	
974.694	14.3	
974.862	0.79	
975.03	-3.72	
975.197	-52.46	
975.365	22.08	
975.532	15.94	
975.7	-26.25	
975.867	12.66	
976.035	6.11	
976.202	1.19	
976.369	10.21	
976.537	-8.23	
976.704	23.72	
976.872	38.88	
977.039	-12.73	
977.206	-11.5	
977.374	1.6	
977.541	18.81	
977.708	-2.9	
977.875	-0.85	
978.043	-8.23	
978.21	2.42	
978.377	6.93	
978.544	-5.36	
978.711	-3.31	
978.879	-12.32	
979.046	2.01	
979.213	-4.54	
979.38	-13.96	
979.547	-10.27	
979.714	-22.56	
979.881	-10.27	
980.048	-9.45	
980.215	11.43	
980.382	-17.24	
980.549	-18.47	
980.716	33.96	
980.883	-21.33	
981.05	-13.14	
981.217	15.94	
981.384	-18.47	
981.55	-0.03	
981.717	-11.09	
981.884	0.79	
982.051	6.93	
982.218	47.07	
982.384	-1.26	
982.551	6.52	
982.718	-11.5	
982.885	-0.85	
983.051	2.83	
983.218	-7	
983.385	-27.07	
983.551	-4.13	
983.718	35.19	
983.885	5.7	
984.051	-36.9	
984.218	-17.65	
984.384	-4.54	
984.551	47.48	
984.717	-23.38	
984.884	46.25	
985.05	-43.45	
985.217	15.94	
985.383	0.79	
985.55	3.24	
985.716	-15.6	
985.882	6.11	
986.049	-58.2	
986.215	-0.03	
986.381	-38.54	
986.548	-28.71	
986.714	-65.57	
986.88	7.75	
987.046	-22.97	
987.213	1.6	
987.379	-25.02	
987.545	19.22	
987.711	-16.01	
987.877	-1.67	
988.044	-58.61	
988.21	-4.13	
988.376	-31.57	
988.542	-29.52	
988.708	10.21	
988.874	-17.65	
989.04	12.66	
989.206	-48.78	
989.372	-26.25	
989.538	-58.2	
989.704	0.79	
989.87	18.4	
990.036	-36.08	
990.202	7.75	
990.368	1.19	
990.534	-2.49	
990.699	-30.34	
990.865	2.01	
991.031	-48.37	
991.197	-14.37	
991.363	-7.41	
991.528	18.4	
991.694	-9.45	
991.86	-6.18	
992.025	-22.15	
992.191	-48.37	
992.357	-47.55	
992.522	-8.23	
992.688	-2.49	
992.854	-39.36	
993.019	-16.42	
993.185	-29.52	
993.35	16.76	
993.516	-41.4	
993.681	1.6	
993.847	-6.59	
994.012	-20.51	
994.178	-48.37	
994.343	49.94	
994.509	26.18	
994.674	-7	
994.84	10.62	
995.005	8.16	
995.17	14.3	
995.336	24.54	
995.501	-11.5	
995.666	16.35	
995.831	-25.43	
995.997	-20.92	
996.162	-9.86	
996.327	61.4	
996.492	-34.44	
996.658	-21.33	
996.823	8.57	
996.988	-11.91	
997.153	-7.82	
997.318	-8.64	
997.483	-11.09	
997.648	-5.77	
997.813	-19.29	
997.978	-20.92	
998.143	-26.66	
998.308	-21.74	
998.473	-5.36	
998.638	-38.13	
998.803	0.79	
998.968	-5.77	
999.133	-18.47	
999.298	-15.6	
999.463	-24.61	
999.628	-27.89	
999.793	17.99	
999.957	-25.43	
1000.122	-14.78	
1000.287	-40.99	
1000.452	-17.24	
1000.616	-4.13	
1000.781	-44.68	
1000.946	-9.45	
1001.111	-5.36	
1001.275	16.35	
1001.44	-28.71	
1001.604	-7.41	
1001.769	-40.17	
1001.934	-0.85	
1002.098	-10.27	
1002.263	-23.79	
1002.427	3.65	
1002.592	3.24	
1002.756	-33.21	
1002.921	-29.12	
1003.085	34.37	
1003.25	-9.86	
1003.414	-4.95	
1003.579	-7.82	
1003.743	6.11	
1003.907	-43.04	
1004.072	-22.97	
1004.236	-15.19	
1004.4	-18.47	
1004.565	33.55	
1004.729	-0.85	
1004.893	-27.48	
1005.057	-0.44	
1005.222	-36.9	
1005.386	-26.66	
1005.55	-12.73	
1005.714	-14.37	
1005.878	11.84	
1006.042	-23.38	
1006.206	13.48	
1006.371	-17.65	
1006.535	46.25	
1006.699	-27.07	
1006.863	-23.79	
1007.027	-14.78	
1007.191	24.95	
1007.355	-18.88	
1007.519	-11.91	
1007.683	35.19	
1007.847	7.34	
1008.01	6.93	
1008.174	-29.52	
1008.338	-49.19	
1008.502	27.82	
1008.666	-28.3	
1008.83	1.6	
1008.993	-13.96	
1009.157	-20.1	
1009.321	-36.49	
1009.485	-13.14	
1009.648	11.43	
1009.812	-7.41	
1009.976	-25.02	
1010.139	-0.03	
1010.303	31.91	
1010.467	-18.88	
1010.63	-17.65	
1010.794	-32.8	
1010.957	-9.86	
1011.121	-18.06	
1011.285	-24.2	
1011.448	-7	
1011.612	24.95	
1011.775	10.21	
1011.938	8.16	
1012.102	-28.71	
1012.265	24.13	
1012.429	3.65	
1012.592	20.45	
1012.755	-14.78	
1012.919	20.04	
1013.082	11.02	
1013.245	-38.95	
1013.409	3.24	
1013.572	0.38	
1013.735	-61.88	
1013.898	-19.29	
1014.062	-22.97	
1014.225	-24.61	
1014.388	15.12	
1014.551	8.16	
1014.714	-13.14	
1014.877	31.5	
1015.041	-7.82	
1015.204	-20.1	
1015.367	-8.23	
1015.53	10.62	
1015.693	-31.16	
1015.856	-3.72	
1016.019	-50.82	
1016.182	-5.77	
1016.345	-40.17	
1016.508	-2.49	
1016.67	-11.09	
1016.833	-40.99	
1016.996	20.86	
1017.159	-22.15	
1017.322	39.29	
1017.485	16.76	
1017.648	-26.66	
1017.81	32.32	
1017.973	34.37	
1018.136	-19.69	
1018.298	-41.81	
1018.461	12.66	
1018.624	16.76	
1018.787	-11.09	
1018.949	-0.85	
1019.112	-39.76	
1019.274	-52.46	
1019.437	-19.29	
1019.6	-0.03	
1019.762	-7.82	
1019.925	-28.3	
1020.087	-0.85	
1020.25	-2.9	
1020.412	-36.08	
1020.575	-26.25	
1020.737	32.73	
1020.899	-51.23	
1021.062	-23.38	
1021.224	-24.2	
1021.387	-26.66	
1021.549	27.41	
1021.711	-2.9	
1021.874	-13.96	
1022.036	-13.14	
1022.198	-14.37	
1022.36	42.15	
1022.523	5.29	
1022.685	-11.91	
1022.847	6.52	
1023.009	-47.14	
1023.171	-30.34	
1023.333	2.42	
1023.496	-37.31	
1023.658	-60.65	
1023.82	-61.06	
1023.982	-15.6	
1024.144	-18.06	
1024.306	2.42	
1024.468	-50	
1024.63	-4.54	
1024.792	-14.78	
1024.954	12.25	
1025.116	40.52	
1025.278	36.01	
1025.44	33.96	
1025.601	16.35	
1025.763	-14.37	
1025.925	28.64	
1026.087	8.98	
1026.249	7.75	
1026.41	-19.29	
1026.572	-34.85	
1026.734	38.06	
1026.896	-16.42	
1027.057	25.77	
1027.219	-11.5	
1027.381	2.01	
1027.542	4.88	
1027.704	-25.84	
1027.866	-8.64	
1028.027	-42.63	
1028.189	-7.41	
1028.35	-31.16	
1028.512	-1.67	
1028.673	2.83	
1028.835	-2.08	
1028.996	22.08	
1029.158	-18.88	
1029.319	-50.41	
1029.481	25.77	
1029.642	-54.92	
1029.803	-19.29	
1029.965	-19.69	
1030.126	-36.9	
1030.287	-4.13	
1030.449	-16.83	
1030.61	6.52	
1030.771	-0.44	
1030.933	-8.23	
1031.094	-38.54	
1031.255	-5.77	
1031.416	-5.77	
1031.577	-8.64	
1031.738	-25.02	
1031.9	-32.39	
1032.061	-32.8	
1032.222	-37.72	
1032.383	-31.57	
1032.544	-27.07	
1032.705	-19.69	
1032.866	-33.62	
1033.027	13.89	
1033.188	-17.24	
1033.349	17.58	
1033.51	-16.01	
1033.671	-49.59	
1033.832	-54.1	
1033.993	19.63	
1034.153	-6.59	
1034.314	-48.37	
1034.475	-37.31	
1034.636	20.86	
1034.797	-48.37	
1034.957	-19.69	
1035.118	-46.73	
1035.279	-17.24	
1035.44	-17.24	
1035.6	-11.91	
1035.761	-25.84	
1035.922	-31.98	
1036.082	-4.95	
1036.243	-48.37	
1036.404	6.11	
1036.564	-34.44	
1036.725	24.54	
1036.885	-22.56	
1037.046	34.37	
1037.206	38.47	
1037.367	29.87	
1037.527	8.98	
1037.688	-45.09	
1037.848	-6.59	
1038.008	8.16	
1038.169	-18.47	
