Subt_2:202		
345.868	2.22	
346.082	2.22	
346.296	2.22	
346.51	-38.74	
346.724	22.7	
346.937	28.43	
347.151	2.63	
347.365	-15.39	
347.579	-19.08	
347.793	43.59	
348.006	13.28	
348.22	3.86	
348.434	-33.01	
348.648	-24.4	
348.861	9.18	
349.075	-11.71	
349.289	2.63	
349.502	-11.3	
349.716	-29.73	
349.93	-15.8	
350.143	-24.4	
350.357	-5.56	
350.571	19.01	
350.784	-24	
350.998	-16.21	
351.212	-5.56	
351.425	-20.31	
351.639	16.96	
351.852	27.2	
352.066	-25.22	
352.28	-48.16	
352.493	-21.13	
352.707	20.65	
352.92	-1.47	
353.134	-11.3	
353.347	-37.1	
353.561	23.11	
353.774	11.23	
353.988	-24	
354.201	4.27	
354.415	-12.94	
354.628	-17.85	
354.841	-35.87	
355.055	-5.56	
355.268	-24	
355.482	-1.88	
355.695	0.58	
355.908	8.77	
356.122	-35.46	
356.335	10.41	
356.549	-17.85	
356.762	4.68	
356.975	32.12	
357.189	-0.65	
357.402	-8.43	
357.615	12.05	
357.828	-67.82	
358.042	-2.7	
358.255	-38.33	
358.468	-30.14	
358.682	-32.19	
358.895	12.05	
359.108	-18.26	
359.321	-26.04	
359.534	12.87	
359.748	-18.67	
359.961	-33.42	
360.174	15.74	
360.387	-24.4	
360.6	6.72	
360.813	25.57	
361.027	15.33	
361.24	23.11	
361.453	18.6	
361.666	7.54	
361.879	14.92	
362.092	-10.07	
362.305	-26.86	
362.518	-6.79	
362.731	39.9	
362.944	15.74	
363.157	-19.9	
363.37	-39.56	
363.583	-39.56	
363.796	-35.05	
364.009	-3.93	
364.222	19.83	
364.435	-42.84	
364.648	-0.24	
364.861	13.69	
365.074	0.58	
365.287	10.82	
365.5	-17.03	
365.713	17.37	
365.926	-36.69	
366.139	-31.78	
366.352	-46.93	
366.564	-12.94	
366.777	-40.79	
366.99	26.79	
367.203	1.81	
367.416	18.6	
367.629	-1.47	
367.841	9.59	
368.054	-19.08	
368.267	-27.27	
368.48	9.18	
368.693	-27.68	
368.905	4.27	
369.118	-33.01	
369.331	16.96	
369.544	-8.84	
369.756	1.81	
369.969	-49.39	
370.182	10	
370.394	40.31	
370.607	-18.67	
370.82	-11.71	
371.032	0.58	
371.245	23.52	
371.458	-48.98	
371.67	6.31	
371.883	9.59	
372.095	-10.07	
372.308	-3.11	
372.52	12.46	
372.733	-12.12	
372.946	36.62	
373.158	19.42	
373.371	-18.67	
373.583	62.43	
373.796	-51.44	
374.008	-6.79	
374.221	-18.67	
374.433	-13.35	
374.646	-21.95	
374.858	-9.25	
375.071	-8.43	
375.283	3.04	
375.495	-40.79	
375.708	-8.02	
375.92	19.01	
376.133	2.63	
376.345	-28.91	
376.557	15.74	
376.77	23.93	
376.982	12.46	
377.194	10.82	
377.407	-54.71	
377.619	-15.8	
377.831	20.24	
378.044	12.05	
378.256	-23.59	
378.468	-8.02	
378.68	44.82	
378.893	-36.69	
379.105	-24.4	
379.317	-34.64	
379.529	-54.31	
379.742	-24.81	
379.954	-31.37	
380.166	-7.2	
380.378	3.45	
380.59	-44.88	
380.803	-43.25	
381.015	-28.09	
381.227	-3.93	
381.439	-19.49	
381.651	-30.96	
381.863	20.65	
382.075	-29.73	
382.287	23.93	
382.499	-1.06	
382.712	-37.92	
382.924	-56.76	
383.136	31.71	
383.348	-6.38	
383.56	3.86	
383.772	3.86	
383.984	-15.8	
384.196	-17.85	
384.408	-30.14	
384.62	-12.12	
384.832	-7.61	
385.044	-3.52	
385.255	-14.17	
385.467	-33.42	
385.679	-28.09	
385.891	35.81	
386.103	4.27	
386.315	-7.2	
386.527	25.16	
386.739	20.24	
386.951	-4.33	
387.162	-4.74	
387.374	-40.38	
387.586	-47.34	
387.798	-14.98	
388.01	-36.28	
388.221	15.33	
388.433	8.77	
388.645	10.41	
388.857	-5.56	
389.069	-19.08	
389.28	-5.15	
389.492	23.11	
389.704	-27.27	
389.915	35.81	
390.127	-11.71	
390.339	7.95	
390.55	7.13	
390.762	-0.65	
390.974	-23.18	
391.185	20.24	
391.397	-38.33	
391.609	-28.91	
391.82	105.44	
392.032	9.59	
392.243	-47.34	
392.455	9.59	
392.667	25.57	
392.878	0.17	
393.09	5.09	
393.301	5.5	
393.513	24.75	
393.724	-29.73	
393.936	-1.47	
394.147	10.41	
394.359	-3.11	
394.57	-26.86	
394.782	5.5	
394.993	-42.02	
395.204	-10.07	
395.416	5.09	
395.627	-46.52	
395.839	-29.73	
396.05	-62.91	
396.261	14.92	
396.473	-2.7	
396.684	1.4	
396.896	-14.98	
397.107	19.01	
397.318	19.83	
397.529	14.1	
397.741	-1.47	
397.952	-8.02	
398.163	23.52	
398.375	-60.45	
398.586	-27.27	
398.797	-12.94	
399.008	-26.04	
399.22	6.31	
399.431	-13.76	
399.642	-20.31	
399.853	-31.78	
400.064	-11.3	
400.276	3.45	
400.487	-14.98	
400.698	-23.59	
400.909	24.75	
401.12	11.64	
401.331	12.87	
401.542	-15.8	
401.754	16.55	
401.965	-2.29	
402.176	-23.18	
402.387	23.52	
402.598	-33.83	
402.809	0.99	
403.02	6.31	
403.231	-33.42	
403.442	-2.7	
403.653	36.21	
403.864	6.72	
404.075	-53.49	
404.286	-29.32	
404.497	17.37	
404.708	-3.93	
404.919	-26.86	
405.13	2.63	
405.341	21.47	
405.551	-89.12	
405.762	3.45	
405.973	-0.65	
406.184	19.01	
406.395	-38.33	
406.606	29.25	
406.817	-20.31	
407.027	-46.11	
407.238	-21.54	
407.449	-6.38	
407.66	31.3	
407.871	8.77	
408.081	-37.92	
408.292	-35.05	
408.503	-7.61	
408.714	-27.68	
408.924	-3.93	
409.135	-14.98	
409.346	4.27	
409.556	48.09	
409.767	15.33	
409.978	-5.15	
410.188	25.16	
410.399	29.66	
410.61	-30.55	
410.82	-40.38	
411.031	11.23	
411.242	-9.25	
411.452	-5.15	
411.663	-14.17	
411.873	20.65	
412.084	23.52	
412.295	-39.97	
412.505	-37.51	
412.716	-17.03	
412.926	12.87	
413.137	-35.05	
413.347	-26.45	
413.558	5.9	
413.768	-24	
413.979	38.26	
414.189	9.59	
414.399	-19.49	
414.61	-44.88	
414.82	-4.33	
415.031	-15.39	
415.241	-5.15	
415.451	32.53	
415.662	-9.25	
415.872	30.48	
416.083	-14.98	
416.293	-35.05	
416.503	24.34	
416.714	-41.61	
416.924	-9.25	
417.134	-53.9	
417.344	5.5	
417.555	-2.7	
417.765	-10.48	
417.975	-49.39	
418.186	-30.14	
418.396	-6.79	
418.606	-35.05	
418.816	-19.49	
419.026	-41.61	
419.237	-1.06	
419.447	8.36	
419.657	-49.39	
419.867	3.45	
420.077	-35.46	
420.287	-2.29	
420.497	42.36	
420.708	21.47	
420.918	-14.57	
421.128	-6.79	
421.338	-37.92	
421.548	-23.59	
421.758	-3.11	
421.968	16.14	
422.178	-37.1	
422.388	6.72	
422.598	42.77	
422.808	16.14	
423.018	20.24	
423.228	13.69	
423.438	17.78	
423.648	-16.21	
423.858	5.9	
424.068	44.41	
424.278	-20.72	
424.488	-5.56	
424.698	5.9	
424.907	-6.79	
425.117	-33.01	
425.327	-6.79	
425.537	12.46	
425.747	-6.38	
425.957	6.72	
426.167	33.76	
426.376	-49.8	
426.586	14.51	
426.796	-20.72	
427.006	-19.08	
427.216	-20.31	
427.425	9.59	
427.635	-27.68	
427.845	-37.1	
428.054	-13.35	
428.264	16.14	
428.474	-20.31	
428.684	-13.76	
428.893	15.74	
429.103	-17.44	
429.313	-21.54	
429.522	-8.02	
429.732	-48.98	
429.941	46.45	
430.151	-21.13	
430.361	0.99	
430.57	-34.64	
430.78	-2.29	
430.989	-2.29	
431.199	-17.44	
431.409	-9.25	
431.618	-46.52	
431.828	19.01	
432.037	48.09	
432.247	-47.75	
432.456	13.28	
432.666	-29.32	
432.875	11.64	
433.084	-3.11	
433.294	5.09	
433.503	-49.39	
433.713	4.68	
433.922	-33.01	
434.132	38.26	
434.341	23.52	
434.55	6.72	
434.76	-17.85	
434.969	3.04	
435.178	-42.84	
435.388	-15.8	
435.597	-26.04	
435.806	-46.52	
436.016	-43.66	
436.225	-23.18	
436.434	-14.17	
436.643	-26.04	
436.853	-33.42	
437.062	13.28	
437.271	34.99	
437.48	-14.98	
437.69	-5.97	
437.899	-11.3	
438.108	-15.8	
438.317	-69.46	
438.526	-12.94	
438.735	9.18	
438.945	11.23	
439.154	-11.3	
439.363	5.5	
439.572	-27.68	
439.781	35.4	
439.99	19.83	
440.199	-48.57	
440.408	34.99	
440.617	38.26	
440.826	-20.31	
441.035	-7.61	
441.244	-28.5	
441.453	18.19	
441.662	11.23	
441.871	-34.64	
442.08	-0.24	
442.289	-12.12	
442.498	-35.46	
442.707	-5.56	
442.916	-25.63	
443.125	0.99	
443.334	-28.5	
443.543	28.43	
443.752	-30.14	
443.961	35.81	
444.169	25.16	
444.378	-9.66	
444.587	-19.9	
444.796	-40.79	
445.005	-8.02	
445.213	16.96	
445.422	-14.17	
445.631	-5.97	
445.84	-39.97	
446.049	16.14	
446.257	22.29	
446.466	-37.1	
446.675	-5.56	
446.883	48.09	
447.092	3.04	
447.301	-3.93	
447.51	-1.06	
447.718	-39.97	
447.927	2.63	
448.135	-16.62	
448.344	-3.52	
448.553	-19.08	
448.761	3.04	
448.97	-31.37	
449.179	-5.97	
449.387	-36.28	
449.596	-28.09	
449.804	-8.43	
450.013	-0.65	
450.221	-0.65	
450.43	-14.98	
450.638	31.3	
450.847	12.46	
451.055	9.18	
451.264	-28.91	
451.472	-8.02	
451.681	45.23	
451.889	30.07	
452.097	-19.08	
452.306	-6.38	
452.514	-36.69	
452.723	-51.85	
452.931	-66.59	
453.139	-19.9	
453.348	-19.08	
453.556	-44.48	
453.764	-19.49	
453.973	-3.11	
454.181	-12.53	
454.389	2.63	
454.598	13.69	
454.806	8.77	
455.014	-27.27	
455.222	-20.31	
455.431	26.79	
455.639	-38.74	
455.847	10.41	
456.055	-12.12	
456.264	-39.15	
456.472	-10.48	
456.68	37.44	
456.888	-10.89	
457.096	-23.18	
457.304	-42.84	
457.512	11.64	
457.721	6.31	
457.929	-22.77	
458.137	-17.03	
458.345	-28.91	
458.553	-1.47	
458.761	29.25	
458.969	2.22	
459.177	3.86	
459.385	-19.49	
459.593	-3.52	
459.801	8.36	
460.009	-20.72	
460.217	7.54	
460.425	26.38	
460.633	0.99	
460.841	-16.21	
461.049	39.9	
461.257	-5.97	
461.465	4.68	
461.673	-51.03	
461.88	-6.79	
462.088	-45.7	
462.296	-7.61	
462.504	-13.76	
462.712	-26.04	
462.92	4.27	
463.127	-55.94	
463.335	3.86	
463.543	0.58	
463.751	5.5	
463.959	-37.51	
464.166	-30.96	
464.374	-21.13	
464.582	12.87	
464.79	-9.25	
464.997	-30.55	
465.205	13.69	
465.413	0.99	
465.62	-2.7	
465.828	-46.52	
466.036	16.96	
466.243	-43.66	
466.451	6.72	
466.658	1.81	
466.866	-14.17	
467.074	18.6	
467.281	-10.89	
467.489	-2.7	
467.696	-46.11	
467.904	-30.96	
468.111	-52.67	
468.319	-37.92	
468.527	-4.74	
468.734	-19.08	
468.942	-16.21	
469.149	0.17	
469.356	-35.05	
469.564	27.2	
469.771	-27.27	
469.979	-10.07	
470.186	17.78	
470.394	19.42	
470.601	0.17	
470.808	-12.53	
471.016	-34.64	
471.223	6.72	
471.43	-37.92	
471.638	17.37	
471.845	-5.56	
472.052	21.06	
472.26	-23.59	
472.467	-50.21	
472.674	39.08	
472.882	-62.5	
473.089	0.58	
473.296	-18.67	
473.503	29.25	
473.711	-0.65	
473.918	-11.71	
474.125	-5.97	
474.332	-26.45	
474.539	32.53	
474.746	-20.31	
474.954	10	
475.161	-77.24	
475.368	-13.35	
475.575	-19.08	
475.782	62.02	
475.989	2.63	
476.196	-62.91	
476.403	-6.38	
476.61	-16.21	
476.817	-3.52	
477.024	-17.44	
477.231	-9.66	
477.438	34.17	
477.645	28.84	
477.852	-29.32	
478.059	-13.35	
478.266	-28.5	
478.473	-16.21	
478.68	-19.08	
478.887	12.87	
479.094	-54.71	
479.301	4.27	
479.508	-13.76	
479.715	-18.26	
479.922	-10.07	
480.129	-10.48	
480.335	2.22	
480.542	-19.49	
480.749	-54.31	
480.956	9.59	
481.163	0.58	
481.369	28.84	
481.576	28.02	
481.783	-5.15	
481.99	-24	
482.196	-61.68	
482.403	1.4	
482.61	-105.09	
482.817	6.31	
483.023	-1.88	
483.23	29.66	
483.437	-12.12	
483.643	-19.08	
483.85	-18.26	
484.057	-4.74	
484.263	-33.42	
484.47	42.77	
484.676	0.58	
484.883	-4.74	
485.09	-61.27	
485.296	-7.2	
485.503	-27.27	
485.709	-40.38	
485.916	-3.11	
486.122	-27.68	
486.329	-1.06	
486.535	-17.44	
486.742	-23.18	
486.948	-60.45	
487.155	-51.44	
487.361	-16.21	
487.567	19.42	
487.774	-20.72	
487.98	-18.26	
488.187	2.63	
488.393	11.23	
488.599	-0.24	
488.806	-32.19	
489.012	-4.33	
489.219	-40.79	
489.425	-34.24	
489.631	-1.06	
489.837	-17.85	
490.044	-26.04	
490.25	-7.61	
490.456	-59.22	
490.663	-8.02	
490.869	-33.42	
491.075	27.61	
491.281	-32.19	
491.487	26.38	
491.694	-26.86	
491.9	37.85	
492.106	21.47	
492.312	7.54	
492.518	-22.77	
492.724	-22.36	
492.931	-50.21	
493.137	-25.22	
493.343	-54.71	
493.549	-51.03	
493.755	13.28	
493.961	-75.19	
494.167	-14.57	
494.373	-5.97	
494.579	-3.52	
494.785	-23.18	
494.991	-2.7	
495.197	-27.27	
495.403	-19.08	
495.609	28.84	
495.815	4.27	
496.021	20.65	
496.227	-16.62	
496.433	-16.62	
496.639	55.47	
496.845	-13.35	
497.05	-48.57	
497.256	-55.94	
497.462	-15.39	
497.668	0.58	
497.874	-55.12	
498.08	-52.67	
498.286	-27.27	
498.491	-9.66	
498.697	-7.61	
498.903	5.9	
499.109	-6.38	
499.314	-14.57	
499.52	15.74	
499.726	-1.88	
499.932	5.9	
500.137	0.99	
500.343	17.78	
500.549	15.33	
500.754	-3.11	
500.96	24.34	
501.166	5.09	
501.371	-31.78	
501.577	-14.57	
501.782	-45.7	
501.988	-19.9	
502.194	-1.47	
502.399	-20.31	
502.605	25.57	
502.81	21.47	
503.016	-12.12	
503.221	-9.66	
503.427	5.5	
503.632	-63.32	
503.838	16.96	
504.043	-1.06	
504.249	15.33	
504.454	4.27	
504.66	-18.26	
504.865	-3.11	
505.071	-15.8	
505.276	-34.64	
505.481	-2.7	
505.687	11.64	
505.892	-18.67	
506.097	-17.03	
506.303	20.65	
506.508	-33.01	
506.713	-20.72	
506.919	3.45	
507.124	-3.93	
507.329	-2.7	
507.535	21.88	
507.74	-6.79	
507.945	-34.24	
508.15	3.04	
508.356	-52.26	
508.561	-19.49	
508.766	-24.4	
508.971	-10.48	
509.176	-13.76	
509.381	-20.31	
509.587	-27.27	
509.792	-60.45	
509.997	-21.54	
510.202	-37.92	
510.407	21.88	
510.612	3.04	
510.817	-26.45	
511.022	-35.87	
511.227	-11.3	
511.432	-41.61	
511.637	-6.38	
511.842	-30.96	
512.047	-79.7	
512.252	14.1	
512.457	-35.87	
512.662	-3.52	
512.867	-1.88	
513.072	19.01	
513.277	-1.47	
513.482	23.93	
513.687	-1.88	
513.892	28.02	
514.097	-17.44	
514.302	17.78	
514.507	-55.53	
514.711	-10.48	
514.916	-15.8	
515.121	25.16	
515.326	-48.16	
515.531	11.64	
515.735	-37.51	
515.94	-15.39	
516.145	-23.59	
516.35	-37.51	
516.554	19.01	
516.759	-1.06	
516.964	-17.44	
517.169	-14.98	
517.373	-5.56	
517.578	-60.45	
517.783	27.2	
517.987	-1.06	
518.192	-59.22	
518.396	-37.92	
518.601	13.69	
518.806	-7.61	
519.01	-4.74	
519.215	5.9	
519.419	-40.79	
519.624	-33.01	
519.829	-20.31	
520.033	5.9	
520.238	-8.02	
520.442	-7.61	
520.647	-25.22	
520.851	-0.24	
521.055	-8.84	
521.26	-2.7	
521.464	-45.29	
521.669	-5.15	
521.873	2.22	
522.078	48.09	
522.282	-62.91	
522.486	-19.9	
522.691	20.65	
522.895	-16.62	
523.099	-29.73	
523.304	-10.07	
523.508	-25.63	
523.712	19.01	
523.917	6.72	
524.121	-16.62	
524.325	-27.68	
524.53	8.77	
524.734	-1.47	
524.938	-52.67	
525.142	-12.12	
525.346	-20.31	
525.551	0.17	
525.755	-22.36	
525.959	-1.06	
526.163	-0.65	
526.367	0.17	
526.571	-29.73	
526.776	-0.65	
526.98	-38.33	
527.184	-52.26	
527.388	-35.46	
527.592	30.89	
527.796	23.52	
528	-28.91	
528.204	-15.8	
528.408	10.41	
528.612	-15.8	
528.816	-25.63	
529.02	-6.79	
529.224	-64.95	
529.428	-35.46	
529.632	-33.01	
529.836	33.35	
530.04	-10.89	
530.244	-64.95	
530.448	10.41	
530.652	-3.11	
530.855	-10.48	
531.059	-18.67	
531.263	5.9	
531.467	-18.26	
531.671	6.72	
531.875	-3.11	
532.078	-34.24	
532.282	-1.06	
532.486	-4.74	
532.69	-32.19	
532.893	-9.25	
533.097	18.19	
533.301	25.98	
533.505	-8.84	
533.708	-30.14	
533.912	12.46	
534.116	2.22	
534.319	-22.36	
534.523	-21.54	
534.727	-43.25	
534.93	27.2	
535.134	-41.2	
535.338	33.76	
535.541	-9.66	
535.745	-3.52	
535.948	11.64	
536.152	42.77	
536.355	-34.64	
536.559	49.32	
536.762	-8.84	
536.966	43.18	
537.169	-12.12	
537.373	-37.51	
537.576	-11.3	
537.78	-4.33	
537.983	5.5	
538.187	0.17	
538.39	-26.45	
538.593	20.65	
538.797	-24	
539	-5.15	
539.204	16.96	
539.407	-16.62	
539.61	-42.02	
539.814	1.81	
540.017	-5.97	
540.22	2.22	
540.424	-15.39	
540.627	-84.62	
540.83	-28.91	
541.033	-35.87	
541.237	-24	
541.44	-39.15	
541.643	7.13	
541.846	-10.07	
542.049	-24	
542.253	-69.46	
542.456	-24.4	
542.659	13.28	
542.862	-2.7	
543.065	25.98	
543.268	-1.88	
543.471	12.46	
543.674	15.33	
543.878	-1.06	
544.081	-8.43	
544.284	-5.56	
544.487	6.31	
544.69	-11.3	
544.893	-3.93	
545.096	-3.93	
545.299	-8.84	
545.502	-37.51	
545.705	-39.56	
545.908	-30.96	
546.111	-3.11	
546.314	-34.24	
546.516	27.61	
546.719	-48.98	
546.922	-19.08	
547.125	-5.15	
547.328	0.99	
547.531	8.77	
547.734	-33.83	
547.936	-28.09	
548.139	-32.19	
548.342	38.67	
548.545	31.3	
548.748	28.02	
548.95	23.11	
549.153	3.04	
549.356	-10.07	
549.559	-9.66	
549.761	-19.08	
549.964	-30.55	
550.167	41.95	
550.369	-39.56	
550.572	-2.7	
550.775	7.13	
550.977	16.96	
551.18	-26.45	
551.383	-6.38	
551.585	2.22	
551.788	-12.94	
551.99	48.91	
552.193	15.74	
552.396	-35.87	
552.598	-43.25	
552.801	-42.43	
553.003	4.27	
553.206	26.79	
553.408	39.49	
553.611	-35.05	
553.813	-41.61	
554.015	-32.6	
554.218	-3.52	
554.42	-33.01	
554.623	-67.41	
554.825	-47.75	
555.027	-29.32	
555.23	9.18	
555.432	-23.59	
555.635	-38.74	
555.837	61.61	
556.039	-14.98	
556.242	-28.09	
556.444	30.48	
556.646	-35.05	
556.848	-3.93	
557.051	-34.64	
557.253	6.72	
557.455	3.04	
557.657	-24.81	
557.86	-36.69	
558.062	-14.17	
558.264	-0.65	
558.466	-40.38	
558.668	-15.8	
558.87	25.57	
559.073	11.64	
559.275	4.27	
559.477	9.18	
559.679	47.68	
559.881	-13.76	
560.083	8.36	
560.285	1.81	
560.487	-11.71	
560.689	-51.03	
560.891	-3.52	
561.093	-9.25	
561.295	-30.96	
561.497	-7.2	
561.699	-2.7	
561.901	12.87	
562.103	5.09	
562.305	-7.61	
562.507	-58.4	
562.709	-61.27	
562.911	25.57	
563.113	-5.56	
563.314	-14.17	
563.516	-33.01	
563.718	-2.7	
563.92	-30.55	
564.122	24.75	
564.323	-16.21	
564.525	4.68	
564.727	-2.7	
564.929	-16.62	
565.131	34.17	
565.332	-11.71	
565.534	-35.46	
565.736	-26.04	
565.937	-10.48	
566.139	-6.79	
566.341	-7.2	
566.542	-10.07	
566.744	9.59	
566.946	15.33	
567.147	3.45	
567.349	-10.07	
567.551	30.07	
567.752	-12.94	
567.954	0.99	
568.155	-21.95	
568.357	-40.79	
568.558	-23.59	
568.76	-30.55	
568.961	4.27	
569.163	-67	
569.364	-28.91	
569.566	21.47	
569.767	-5.15	
569.969	-11.71	
570.17	1.81	
570.372	-20.31	
570.573	-46.11	
570.774	11.23	
570.976	-6.79	
571.177	-62.91	
571.378	-33.01	
571.58	20.65	
571.781	-12.53	
571.982	-9.25	
572.184	-25.22	
572.385	-16.62	
572.586	-17.44	
572.788	4.27	
572.989	-25.63	
573.19	9.59	
573.391	-17.85	
573.592	5.9	
573.794	-12.94	
573.995	-1.47	
574.196	-7.2	
574.397	-5.97	
574.598	32.53	
574.799	-13.35	
575.001	-16.21	
575.202	-0.65	
575.403	-14.17	
575.604	-39.97	
575.805	2.22	
576.006	8.36	
576.207	-2.7	
576.408	-21.13	
576.609	-12.94	
576.81	46.86	
577.011	-53.9	
577.212	-29.32	
577.413	-30.55	
577.614	3.86	
577.815	-53.49	
578.016	-38.74	
578.217	62.43	
578.418	-38.33	
578.619	-14.17	
578.819	-46.93	
579.02	-20.31	
579.221	-21.13	
579.422	-14.17	
579.623	-44.88	
579.824	-19.49	
580.024	-14.17	
580.225	13.69	
580.426	5.5	
580.627	-14.98	
580.827	17.78	
581.028	0.58	
581.229	-29.32	
581.43	21.47	
581.63	-27.27	
581.831	-9.25	
582.032	-47.34	
582.232	-16.62	
582.433	-14.57	
582.634	15.74	
582.834	-15.39	
583.035	-57.58	
583.235	7.54	
583.436	-21.54	
583.636	12.05	
583.837	0.99	
584.038	-16.62	
584.238	8.36	
584.439	-48.16	
584.639	0.99	
584.84	-4.33	
585.04	-39.15	
585.241	15.74	
585.441	9.18	
585.641	12.46	
585.842	-23.18	
586.042	-2.7	
586.243	33.35	
586.443	38.26	
586.643	-30.96	
586.844	-26.45	
587.044	-54.71	
587.244	8.77	
587.445	-52.67	
587.645	11.23	
587.845	5.9	
588.046	0.17	
588.246	18.19	
588.446	-30.14	
588.646	-11.3	
588.847	21.88	
589.047	21.88	
589.247	-26.45	
589.447	7.13	
589.647	-8.43	
589.847	-29.32	
590.048	-73.15	
590.248	-55.94	
590.448	-10.07	
590.648	1.81	
590.848	-41.2	
591.048	16.96	
591.248	17.78	
591.448	-42.43	
591.648	-51.44	
591.848	-2.7	
592.048	39.49	
592.248	16.96	
592.448	-0.24	
592.648	-13.76	
592.848	-1.06	
593.048	-7.2	
593.248	-36.69	
593.448	-39.56	
593.648	7.95	
593.848	34.99	
594.048	-37.1	
594.248	-11.3	
594.447	23.11	
594.647	30.48	
594.847	-24.81	
595.047	21.88	
595.247	4.68	
595.447	-4.74	
595.646	1.81	
595.846	1.4	
596.046	-37.92	
596.246	13.69	
596.445	-8.43	
596.645	-22.36	
596.845	47.27	
597.044	-1.06	
597.244	-10.48	
597.444	22.29	
597.643	2.63	
597.843	-19.49	
598.043	-6.79	
598.242	-21.13	
598.442	-22.77	
598.641	-32.6	
598.841	38.67	
599.041	-17.44	
599.24	-2.7	
599.44	3.04	
599.639	-5.56	
599.839	-21.54	
600.038	-0.24	
600.238	-7.2	
600.437	55.06	
600.637	-36.69	
600.836	9.18	
601.035	28.02	
601.235	20.24	
601.434	37.85	
601.634	7.54	
601.833	-35.87	
602.032	-31.78	
602.232	22.7	
602.431	51.78	
602.63	14.1	
602.83	23.11	
603.029	-2.7	
603.228	60.79	
603.427	-11.71	
603.627	-13.76	
603.826	-37.92	
604.025	-6.79	
604.224	-4.33	
604.424	-35.87	
604.623	-4.74	
604.822	-3.93	
605.021	36.21	
605.22	25.57	
605.419	39.08	
605.618	22.7	
605.818	17.78	
606.017	-18.26	
606.216	-11.3	
606.415	27.61	
606.614	-19.9	
606.813	-19.9	
607.012	-3.52	
607.211	18.6	
607.41	-19.9	
607.609	7.54	
607.808	13.28	
608.007	-3.93	
608.206	28.84	
608.405	-50.21	
608.604	-17.44	
608.802	7.95	
609.001	-4.33	
609.2	0.99	
609.399	-37.92	
609.598	-6.79	
609.797	21.06	
609.996	-17.03	
610.194	-13.35	
610.393	-13.35	
610.592	0.58	
610.791	30.07	
610.99	39.49	
611.188	-24.81	
611.387	22.7	
611.586	12.46	
611.784	18.6	
611.983	12.46	
612.182	-28.91	
612.38	-27.27	
612.579	-11.3	
612.778	37.85	
612.976	-21.54	
613.175	32.53	
613.374	-40.79	
613.572	-26.45	
613.771	-8.84	
613.969	-11.3	
614.168	11.64	
614.366	44.82	
614.565	-41.61	
614.763	25.98	
614.962	2.63	
615.16	7.95	
615.359	-9.25	
615.557	30.48	
615.756	25.98	
615.954	-21.95	
616.153	-11.3	
616.351	-14.57	
616.549	72.67	
616.748	0.99	
616.946	5.5	
617.144	30.48	
617.343	11.23	
617.541	-14.17	
617.739	25.16	
617.938	-17.03	
618.136	23.93	
618.334	-18.67	
618.532	-37.1	
618.731	24.75	
618.929	18.6	
619.127	7.95	
619.325	-3.52	
619.523	28.02	
619.722	-26.86	
619.92	20.24	
620.118	-5.56	
620.316	20.65	
620.514	8.77	
620.712	12.87	
620.91	14.1	
621.108	53.01	
621.306	50.55	
621.505	-21.95	
621.703	-2.29	
621.901	21.88	
622.099	37.03	
622.297	-0.24	
622.495	28.84	
622.693	19.83	
622.89	13.28	
623.088	-26.04	
623.286	-2.29	
623.484	8.77	
623.682	40.31	
623.88	-24	
624.078	-24	
624.276	33.76	
624.474	-3.11	
624.671	-12.12	
624.869	27.61	
625.067	-16.62	
625.265	69.8	
625.463	25.16	
625.66	26.38	
625.858	18.6	
626.056	43.59	
626.254	5.09	
626.451	16.96	
626.649	16.96	
626.847	-12.94	
627.044	47.27	
627.242	50.14	
627.44	82.91	
627.637	41.54	
627.835	55.47	
628.032	26.38	
628.23	56.29	
628.428	41.54	
628.625	29.25	
628.823	-3.11	
629.02	71.44	
629.218	25.98	
629.415	21.88	
629.613	14.51	
629.81	43.59	
630.008	52.19	
630.205	77.58	
630.403	37.03	
630.6	5.9	
630.797	36.62	
630.995	19.01	
631.192	12.87	
631.39	10.41	
631.587	64.89	
631.784	68.57	
631.982	106.67	
632.179	47.68	
632.376	30.89	
632.574	64.89	
632.771	58.74	
632.968	37.44	
633.165	56.29	
633.363	31.71	
633.56	41.54	
633.757	7.95	
633.954	57.51	
634.151	46.45	
634.349	87.82	
634.546	12.05	
634.743	26.38	
634.94	71.44	
635.137	44	
635.334	52.19	
635.531	41.13	
635.728	75.54	
635.925	71.03	
636.122	25.16	
636.319	29.66	
636.516	41.95	
636.713	63.66	
636.91	59.15	
637.107	78.81	
637.304	46.86	
637.501	72.67	
637.698	15.74	
637.895	51.78	
638.092	77.58	
638.289	44.41	
638.486	53.42	
638.683	75.13	
638.88	124.69	
639.076	72.67	
639.273	76.76	
639.47	106.26	
639.667	72.67	
639.864	81.68	
640.06	126.74	
640.257	94.79	
640.454	48.09	
640.651	86.59	
640.847	100.11	
641.044	67.75	
641.241	135.34	
641.437	109.12	
641.634	137.38	
641.831	101.75	
642.027	107.07	
642.224	77.99	
642.421	154.59	
642.617	60.79	
642.814	143.12	
643.01	82.09	
643.207	114.45	
643.403	113.22	
643.6	67.34	
643.796	121.41	
643.993	120.59	
644.189	155.41	
644.386	98.06	
644.582	100.93	
644.779	126.33	
644.975	91.51	
645.172	96.02	
645.368	148.85	
645.564	134.11	
645.761	164.42	
645.957	163.6	
646.153	100.93	
646.35	209.88	
646.546	135.75	
646.742	150.08	
646.939	167.28	
647.135	153.36	
647.331	114.45	
647.527	127.96	
647.724	167.28	
647.92	151.31	
648.116	168.1	
648.312	171.38	
648.509	202.92	
648.705	111.58	
648.901	177.93	
649.097	156.64	
649.293	144.76	
649.489	142.71	
649.685	157.05	
649.881	155.41	
650.077	198.82	
650.274	194.32	
650.47	191.86	
650.666	182.44	
650.862	187.76	
651.058	222.17	
651.254	150.08	
651.45	171.79	
651.645	196.78	
651.841	218.89	
652.037	265.59	
652.233	232.41	
652.429	234.87	
652.625	242.65	
652.821	212.75	
653.017	204.97	
653.213	227.9	
653.408	266.82	
653.604	224.22	
653.8	242.24	
653.996	230.36	
654.192	211.52	
654.387	225.45	
654.583	245.93	
654.779	219.71	
654.975	215.21	
655.17	218.89	
655.366	218.48	
655.562	214.39	
655.757	265.18	
655.953	236.92	
656.149	210.29	
656.344	202.92	
656.54	275.83	
656.735	259.85	
656.931	245.11	
657.127	234.87	
657.322	235.28	
657.518	252.89	
657.713	219.71	
657.909	216.03	
658.104	237.74	
658.3	244.7	
658.495	218.07	
658.691	272.55	
658.886	235.28	
659.082	196.37	
659.277	247.57	
659.472	236.51	
659.668	256.58	
659.863	252.07	
660.059	193.91	
660.254	170.15	
660.449	170.56	
660.644	217.66	
660.84	239.37	
661.035	230.77	
661.23	165.24	
661.426	248.38	
661.621	202.1	
661.816	192.68	
662.011	192.68	
662.207	194.32	
662.402	214.39	
662.597	188.17	
662.792	165.24	
662.987	192.68	
663.182	187.36	
663.377	196.37	
663.573	205.38	
663.768	174.66	
663.963	206.2	
664.158	200.05	
664.353	176.3	
664.548	139.43	
664.743	208.24	
664.938	198.82	
665.133	188.17	
665.328	144.35	
665.523	162.37	
665.718	96.43	
665.913	187.76	
666.108	143.12	
666.303	142.3	
666.498	127.14	
666.692	157.45	
666.887	152.13	
667.082	93.56	
667.277	153.77	
667.472	149.67	
667.667	170.15	
667.861	159.09	
668.056	154.18	
668.251	127.55	
668.446	183.67	
668.64	127.14	
668.835	153.77	
669.03	116.5	
669.225	87	
669.419	122.64	
669.614	139.84	
669.809	121.41	
670.003	77.58	
670.198	127.14	
670.393	114.45	
670.587	169.74	
670.782	91.51	
670.976	119.36	
671.171	78.4	
671.365	92.33	
671.56	87.41	
671.754	79.22	
671.949	89.46	
672.143	97.24	
672.338	82.5	
672.532	84.55	
672.727	128.78	
672.921	111.58	
673.116	62.84	
673.31	96.02	
673.504	94.79	
673.699	95.2	
673.893	74.31	
674.088	75.13	
674.282	81.27	
674.476	68.16	
674.67	82.09	
674.865	19.01	
675.059	92.74	
675.253	91.51	
675.448	41.95	
675.642	111.17	
675.836	100.11	
676.03	89.05	
676.224	48.09	
676.419	61.61	
676.613	31.71	
676.807	21.06	
677.001	78.4	
677.195	51.37	
677.389	21.47	
677.583	79.22	
677.777	8.77	
677.972	60.79	
678.166	60.38	
678.36	60.38	
678.554	70.62	
678.748	88.64	
678.942	49.73	
679.136	44.41	
679.33	74.31	
679.524	4.68	
679.717	67.34	
679.911	38.26	
680.105	45.23	
680.299	63.25	
680.493	51.78	
680.687	20.24	
680.881	30.07	
681.075	42.77	
681.268	40.31	
681.462	19.83	
681.656	15.74	
681.85	7.13	
682.044	16.14	
682.237	69.8	
682.431	63.66	
682.625	53.83	
682.819	30.48	
683.012	35.81	
683.206	33.76	
683.4	35.4	
683.593	21.47	
683.787	27.61	
683.981	44	
684.174	3.45	
684.368	39.08	
684.561	-15.8	
684.755	30.89	
684.948	50.14	
685.142	17.37	
685.335	43.18	
685.529	50.55	
685.722	35.81	
685.916	-7.61	
686.109	1.4	
686.303	15.74	
686.496	-3.11	
686.69	73.9	
686.883	21.06	
687.077	-28.91	
687.27	-40.38	
687.463	45.23	
687.657	-35.46	
687.85	24.34	
688.043	12.46	
688.237	-10.89	
688.43	44.82	
688.623	8.77	
688.816	17.37	
689.01	30.07	
689.203	1.4	
689.396	15.74	
689.589	15.74	
689.783	-8.02	
689.976	32.53	
690.169	68.57	
690.362	-20.72	
690.555	-30.14	
690.748	76.36	
690.941	39.49	
691.135	28.84	
691.328	-4.74	
691.521	28.43	
691.714	2.63	
691.907	3.86	
692.1	6.72	
692.293	41.54	
692.486	-3.11	
692.679	-2.29	
692.872	25.57	
693.065	-25.63	
693.258	-13.76	
693.451	-35.87	
693.644	-3.93	
693.836	-1.88	
694.029	-4.74	
694.222	26.79	
694.415	-7.2	
694.608	-1.47	
694.801	12.05	
694.993	-32.6	
695.186	29.25	
695.379	0.17	
695.572	-8.02	
695.765	2.63	
695.957	-1.47	
696.15	-23.18	
696.343	-29.32	
696.535	14.92	
696.728	-18.67	
696.921	-1.06	
697.113	50.55	
697.306	2.22	
697.499	25.98	
697.691	-25.22	
697.884	-19.49	
698.076	-2.29	
698.269	-33.01	
698.462	5.09	
698.654	52.6	
698.847	31.3	
699.039	9.59	
699.232	21.47	
699.424	-11.3	
699.617	-11.71	
699.809	-6.79	
700.001	-26.45	
700.194	-26.04	
700.386	-8.02	
700.579	-2.7	
700.771	-29.32	
700.963	28.43	
701.156	-30.96	
701.348	-33.01	
701.54	-33.83	
701.733	-12.53	
701.925	-31.78	
702.117	43.59	
702.309	2.22	
702.502	-11.3	
702.694	-6.38	
702.886	26.38	
703.078	-13.35	
703.271	15.74	
703.463	-26.45	
703.655	-10.07	
703.847	-18.67	
704.039	-3.11	
704.231	23.11	
704.423	25.57	
704.615	-63.32	
704.808	-20.31	
705	-39.15	
705.192	-28.09	
705.384	-45.29	
705.576	-47.34	
705.768	12.05	
705.96	5.09	
706.152	-24.4	
706.344	-14.17	
706.536	-24.4	
706.727	-18.26	
706.919	-80.11	
707.111	0.99	
707.303	10.82	
707.495	-8.43	
707.687	-36.69	
707.879	13.28	
708.071	-7.2	
708.262	-3.93	
708.454	1.81	
708.646	28.84	
708.838	-28.09	
709.029	-11.3	
709.221	-21.95	
709.413	25.57	
709.605	3.45	
709.796	-4.74	
709.988	-38.74	
710.18	14.1	
710.371	-5.56	
710.563	-14.17	
710.755	-5.56	
710.946	19.83	
711.138	27.2	
711.329	9.59	
711.521	-15.8	
711.712	-24.81	
711.904	-8.84	
712.095	-39.56	
712.287	-21.95	
712.478	0.17	
712.67	-24.4	
712.861	-16.62	
713.053	48.5	
713.244	-6.79	
713.436	28.43	
713.627	12.05	
713.818	-12.12	
714.01	30.89	
714.201	-29.32	
714.393	23.52	
714.584	3.45	
714.775	10	
714.966	20.24	
715.158	-17.85	
715.349	-53.49	
715.54	-22.77	
715.732	-12.94	
715.923	-42.84	
716.114	-5.15	
716.305	8.77	
716.496	-70.69	
716.688	15.74	
716.879	-40.38	
717.07	-12.12	
717.261	-2.29	
717.452	10	
717.643	-7.61	
717.834	8.77	
718.025	-35.87	
718.216	-3.93	
718.407	16.96	
718.598	-42.43	
718.789	-15.39	
718.98	-41.61	
719.171	-29.32	
719.362	-8.84	
719.553	-8.84	
719.744	-1.06	
719.935	1.4	
720.126	30.07	
720.317	11.64	
720.508	-34.64	
720.699	-27.68	
720.889	-36.69	
721.08	-3.11	
721.271	-9.25	
721.462	14.92	
721.653	19.01	
721.843	5.5	
722.034	-15.39	
722.225	-39.15	
722.416	-34.24	
722.606	-8.84	
722.797	2.22	
722.988	27.2	
723.178	-46.11	
723.369	-4.33	
723.56	-24	
723.75	-10.07	
723.941	-2.29	
724.132	-14.57	
724.322	-3.52	
724.513	11.23	
724.703	34.58	
724.894	-10.48	
725.084	4.27	
725.275	-34.24	
725.465	6.72	
725.656	-0.65	
725.846	-28.5	
726.037	-26.86	
726.227	-21.95	
726.417	7.13	
726.608	-27.68	
726.798	-13.76	
726.989	-20.72	
727.179	10.82	
727.369	-11.3	
727.56	-5.56	
727.75	-24	
727.94	3.45	
728.131	8.77	
728.321	-24	
728.511	-0.65	
728.701	-1.47	
728.892	-56.35	
729.082	-28.09	
729.272	6.72	
729.462	-13.35	
729.652	-51.03	
729.842	-11.71	
730.033	-11.3	
730.223	-11.3	
730.413	9.18	
730.603	-41.2	
730.793	-39.97	
730.983	-45.7	
731.173	-10.48	
731.363	14.1	
731.553	-15.8	
731.743	0.99	
731.933	-21.13	
732.123	-8.84	
732.313	-36.69	
732.503	-31.78	
732.693	36.21	
732.883	8.77	
733.073	6.72	
733.263	23.11	
733.452	-18.67	
733.642	-17.85	
733.832	-35.46	
734.022	-24.4	
734.212	-55.94	
734.402	-30.55	
734.591	0.58	
734.781	-26.45	
734.971	-5.15	
735.161	-60.45	
735.35	-16.21	
735.54	-56.35	
735.73	-24.81	
735.919	-1.06	
736.109	-48.98	
736.299	-31.78	
736.488	-1.47	
736.678	-29.73	
736.867	-43.66	
737.057	29.25	
737.247	-1.88	
737.436	-61.27	
737.626	13.69	
737.815	28.84	
738.005	-65.77	
738.194	-22.36	
738.384	-14.17	
738.573	-9.66	
738.763	-8.43	
738.952	-35.87	
739.141	2.63	
739.331	-14.57	
739.52	-11.71	
739.71	-14.17	
739.899	-18.26	
740.088	71.03	
740.278	-16.21	
740.467	6.31	
740.656	-25.22	
740.846	-6.38	
741.035	7.95	
741.224	-3.52	
741.413	-37.92	
741.603	-29.73	
741.792	-0.24	
741.981	-19.08	
742.17	-32.19	
742.359	-17.85	
742.548	-20.72	
742.738	-28.91	
742.927	-22.36	
743.116	-9.25	
743.305	22.29	
743.494	10.82	
743.683	20.24	
743.872	-53.08	
744.061	9.59	
744.25	-24	
744.439	10.82	
744.628	-5.15	
744.817	16.55	
745.006	14.92	
745.195	-13.35	
745.384	-0.24	
745.573	-22.77	
745.762	-1.88	
745.951	-41.2	
746.139	-19.49	
746.328	0.58	
746.517	-19.9	
746.706	-45.7	
746.895	-33.42	
747.084	-49.39	
747.272	-6.38	
747.461	-19.9	
747.65	-36.28	
747.839	-12.12	
748.027	26.79	
748.216	32.94	
748.405	23.11	
748.593	-22.36	
748.782	-22.36	
748.971	8.36	
749.159	0.99	
749.348	-38.33	
749.536	13.69	
749.725	-28.09	
749.914	-33.01	
750.102	-8.02	
750.291	-9.25	
750.479	44.41	
750.668	-3.93	
750.856	25.16	
751.045	21.06	
751.233	66.52	
751.421	9.18	
751.61	-6.38	
751.798	-24.4	
751.987	10.41	
752.175	-4.74	
752.363	9.18	
752.552	14.92	
752.74	-19.9	
752.928	-18.67	
753.117	-17.44	
753.305	-21.95	
753.493	-14.98	
753.682	53.83	
753.87	-40.79	
754.058	31.3	
754.246	-19.08	
754.434	8.77	
754.623	-7.2	
754.811	22.29	
754.999	49.73	
755.187	5.5	
755.375	-31.78	
755.563	21.06	
755.751	-8.84	
755.94	-27.27	
756.128	-13.35	
756.316	6.31	
756.504	31.71	
756.692	13.69	
756.88	-1.88	
757.068	-10.89	
757.256	-17.03	
757.444	-21.54	
757.632	-9.25	
757.819	-17.85	
758.007	-14.98	
758.195	-9.25	
758.383	-21.95	
758.571	-48.57	
758.759	0.17	
758.947	-11.3	
759.135	-64.55	
759.322	-3.11	
759.51	-10.89	
759.698	-80.93	
759.886	-13.35	
760.073	-12.12	
760.261	12.46	
760.449	0.17	
760.637	-4.33	
760.824	19.83	
761.012	-8.02	
761.2	19.42	
761.387	4.27	
761.575	-23.18	
761.762	-31.37	
761.95	-0.24	
762.138	-0.24	
762.325	-21.13	
762.513	12.46	
762.7	17.78	
762.888	6.31	
763.075	-36.28	
763.263	44	
763.45	-7.61	
763.638	-22.77	
763.825	22.29	
764.012	10	
764.2	-6.38	
764.387	-1.47	
764.575	-21.13	
764.762	-17.85	
764.949	-48.16	
765.137	-41.61	
765.324	3.45	
765.511	-9.66	
765.699	-48.98	
765.886	-23.59	
766.073	-19.9	
766.26	-27.27	
766.448	31.3	
766.635	-64.95	
766.822	-44.88	
767.009	-9.66	
767.196	-35.46	
767.383	-8.84	
767.571	0.58	
767.758	-40.79	
767.945	6.31	
768.132	-51.44	
768.319	15.33	
768.506	-9.25	
768.693	-24.4	
768.88	-16.62	
769.067	1.4	
769.254	-30.55	
769.441	3.45	
769.628	-16.62	
769.815	-58.81	
770.002	-3.11	
770.189	-2.29	
770.376	-27.27	
770.563	-63.73	
770.75	9.18	
770.936	-5.56	
771.123	-38.74	
771.31	23.11	
771.497	8.36	
771.684	-71.92	
771.87	-19.08	
772.057	-20.72	
772.244	3.04	
772.431	-12.94	
772.617	-7.2	
772.804	-10.89	
772.991	-24.4	
773.177	-1.88	
773.364	-12.94	
773.551	-2.7	
773.737	19.01	
773.924	-13.35	
774.111	34.17	
774.297	35.4	
774.484	-17.03	
774.67	-38.74	
774.857	17.78	
775.043	4.27	
775.23	-53.49	
775.416	2.22	
775.603	-19.49	
775.789	10	
775.976	3.86	
776.162	-45.29	
776.349	-62.91	
776.535	17.78	
776.721	-34.24	
776.908	-8.02	
777.094	-14.17	
777.28	-5.56	
777.467	-8.43	
777.653	29.25	
777.839	20.65	
778.025	-52.67	
778.212	-23.18	
778.398	-2.29	
778.584	-30.96	
778.77	37.03	
778.957	-42.43	
779.143	6.31	
779.329	-28.5	
779.515	-28.5	
779.701	-39.56	
779.887	-45.29	
780.073	22.29	
780.26	-11.3	
780.446	-10.89	
780.632	-22.77	
780.818	-26.04	
781.004	-3.52	
781.19	-25.63	
781.376	-39.56	
781.562	1.81	
781.748	-1.47	
781.934	-37.51	
782.12	-9.25	
782.305	-28.91	
782.491	21.47	
782.677	-33.01	
782.863	38.67	
783.049	-48.16	
783.235	5.9	
783.421	-14.17	
783.606	-55.94	
783.792	5.5	
783.978	17.78	
784.164	6.31	
784.349	-28.91	
784.535	-43.66	
784.721	-13.35	
784.907	-17.85	
785.092	9.59	
785.278	-7.61	
785.464	-19.08	
785.649	-29.32	
785.835	-40.38	
786.02	0.17	
786.206	-12.12	
786.392	-3.11	
786.577	14.1	
786.763	-26.86	
786.948	11.64	
787.134	12.46	
787.319	-12.94	
787.505	27.61	
787.69	-17.44	
787.876	-20.72	
788.061	-8.02	
788.246	-12.94	
788.432	-39.15	
788.617	13.28	
788.803	-10.89	
788.988	7.95	
789.173	-23.18	
789.359	50.55	
789.544	0.99	
789.729	0.17	
789.915	-40.79	
790.1	-31.78	
790.285	-5.56	
790.47	-19.08	
790.655	2.63	
790.841	37.85	
791.026	-45.29	
791.211	17.78	
791.396	32.53	
791.581	-5.56	
791.766	-53.49	
791.952	23.52	
792.137	-16.21	
792.322	23.52	
792.507	-3.52	
792.692	4.68	
792.877	6.31	
793.062	27.61	
793.247	-3.93	
793.432	-32.19	
793.617	-26.45	
793.802	-39.97	
793.987	-53.08	
794.172	-57.58	
794.356	-11.3	
794.541	-1.06	
794.726	17.78	
794.911	47.27	
795.096	37.44	
795.281	-19.9	
795.466	-29.73	
795.65	-28.09	
795.835	-84.62	
796.02	12.87	
796.205	8.77	
796.389	-5.15	
796.574	-23.18	
796.759	-11.3	
796.943	-47.34	
797.128	-3.93	
797.313	30.48	
797.497	-25.63	
797.682	-67.41	
797.867	-22.36	
798.051	-8.84	
798.236	11.23	
798.42	-18.26	
798.605	-28.5	
798.789	32.94	
798.974	-38.74	
799.158	-34.64	
799.343	21.47	
799.527	-15.39	
799.712	-16.21	
799.896	10.82	
800.081	-47.34	
800.265	12.87	
800.449	18.6	
800.634	-20.72	
800.818	-1.06	
801.002	18.19	
801.187	-1.47	
801.371	18.19	
801.555	5.09	
801.74	-2.7	
801.924	-14.98	
802.108	20.65	
802.292	-36.28	
802.477	-9.66	
802.661	43.59	
802.845	-1.47	
803.029	-45.29	
803.213	-26.04	
803.397	-51.03	
803.581	19.42	
803.766	-14.17	
803.95	-0.24	
804.134	-23.18	
804.318	-59.63	
804.502	-50.21	
804.686	-6.38	
804.87	15.74	
805.054	8.36	
805.238	28.02	
805.422	36.62	
805.606	-8.84	
805.79	-8.84	
805.973	-19.08	
806.157	23.11	
806.341	12.46	
806.525	-30.96	
806.709	0.99	
806.893	7.54	
807.077	-21.95	
807.26	2.63	
807.444	-1.06	
807.628	-31.78	
807.812	-43.66	
807.995	-19.08	
808.179	2.22	
808.363	-9.66	
808.546	6.72	
808.73	-11.3	
808.914	-37.92	
809.097	-57.99	
809.281	13.28	
809.465	-6.38	
809.648	1.4	
809.832	-12.94	
810.015	-26.45	
810.199	-24	
810.382	-5.15	
810.566	6.31	
810.749	11.64	
810.933	3.86	
811.116	0.99	
811.3	-18.26	
811.483	-33.42	
811.667	-9.66	
811.85	-52.67	
812.034	14.1	
812.217	7.13	
812.4	-54.31	
812.584	-42.02	
812.767	-53.49	
812.95	3.04	
813.133	-33.01	
813.317	-30.55	
813.5	11.64	
813.683	-30.96	
813.866	10.82	
814.05	-5.15	
814.233	0.99	
814.416	23.11	
814.599	18.19	
814.782	-23.18	
814.965	-40.79	
815.149	28.84	
815.332	-24.4	
815.515	-17.03	
815.698	-1.47	
815.881	-10.48	
816.064	14.51	
816.247	-2.29	
816.43	-28.09	
816.613	-33.42	
816.796	17.37	
816.979	-7.61	
817.162	-1.88	
817.345	-13.35	
817.528	3.45	
817.711	-1.47	
817.893	-3.52	
818.076	-29.73	
818.259	-14.98	
818.442	-32.6	
818.625	-43.25	
818.808	18.19	
818.99	-13.76	
819.173	13.69	
819.356	-26.45	
819.539	-1.88	
819.721	-19.9	
819.904	-27.27	
820.087	-13.35	
820.269	5.09	
820.452	12.87	
820.635	-5.15	
820.817	-2.29	
821	-23.59	
821.182	3.86	
821.365	-32.6	
821.548	-13.35	
821.73	-9.25	
821.913	-35.46	
822.095	-28.91	
822.278	-17.03	
822.46	-16.21	
822.642	-31.78	
822.825	18.6	
823.007	7.13	
823.19	-11.3	
823.372	-0.24	
823.555	25.57	
823.737	-41.61	
823.919	-35.87	
824.102	-21.54	
824.284	-33.83	
824.466	-19.9	
824.648	-52.67	
824.831	-19.08	
825.013	16.55	
825.195	-39.15	
825.377	-26.04	
825.56	-13.76	
825.742	-3.11	
825.924	-23.18	
826.106	-11.71	
826.288	25.57	
826.47	30.89	
826.652	-17.03	
826.835	-3.11	
827.017	-47.34	
827.199	-28.09	
827.381	9.59	
827.563	-14.57	
827.745	-20.72	
827.927	-43.25	
828.109	-22.77	
828.291	8.77	
828.473	-10.48	
828.655	-16.21	
828.836	-13.35	
829.018	-18.26	
829.2	21.47	
829.382	29.25	
829.564	-15.39	
829.746	5.09	
829.928	-15.39	
830.109	9.18	
830.291	-21.54	
830.473	-7.2	
830.655	-26.45	
830.836	-4.33	
831.018	-17.03	
831.2	-6.79	
831.382	7.95	
831.563	3.45	
831.745	-2.7	
831.926	-6.38	
832.108	10	
832.29	-19.49	
832.471	-17.85	
832.653	-26.86	
832.834	16.14	
833.016	-18.26	
833.197	-26.86	
833.379	-48.16	
833.56	2.63	
833.742	-8.02	
833.923	-27.27	
834.105	-6.38	
834.286	-27.27	
834.468	11.64	
834.649	-12.12	
834.83	-38.74	
835.012	-19.9	
835.193	20.24	
835.374	8.36	
835.556	12.05	
835.737	7.95	
835.918	33.76	
836.1	10.82	
836.281	-8.43	
836.462	33.35	
836.643	-63.73	
836.824	17.37	
837.006	-26.86	
837.187	11.23	
837.368	-26.45	
837.549	15.74	
837.73	-14.57	
837.911	-9.66	
838.092	12.05	
838.273	2.22	
838.455	3.86	
838.636	16.14	
838.817	-15.8	
838.998	-13.35	
839.179	-35.46	
839.36	-48.57	
839.54	-39.15	
839.721	-23.59	
839.902	-36.28	
840.083	22.7	
840.264	21.47	
840.445	27.2	
840.626	-0.24	
840.807	-39.15	
840.988	-20.72	
841.168	-24.81	
841.349	-27.68	
841.53	2.63	
841.711	-42.02	
841.891	-15.8	
842.072	38.26	
842.253	-34.64	
842.434	-24.4	
842.614	-0.24	
842.795	-23.18	
842.976	-12.53	
843.156	-24.4	
843.337	18.6	
843.517	-43.66	
843.698	-35.87	
843.878	-3.11	
844.059	-32.19	
844.24	-7.61	
844.42	-14.17	
844.601	-7.2	
844.781	6.72	
844.962	0.58	
845.142	24.75	
845.322	-24.81	
845.503	5.5	
845.683	16.14	
845.864	5.09	
846.044	21.88	
846.224	-21.95	
846.405	-14.57	
846.585	23.93	
846.765	-15.39	
846.946	-0.65	
847.126	20.65	
847.306	-6.38	
847.486	-0.65	
847.667	-40.79	
847.847	-11.71	
848.027	-34.24	
848.207	-36.28	
848.387	-10.89	
848.567	-43.25	
848.747	-6.79	
848.928	-55.12	
849.108	-83.8	
849.288	-14.17	
849.468	8.36	
849.648	-14.57	
849.828	-19.08	
850.008	7.13	
850.188	38.26	
850.368	-5.56	
850.548	-26.45	
850.728	-21.95	
850.908	-1.06	
851.088	-16.21	
851.267	3.04	
851.447	-17.85	
851.627	33.35	
851.807	28.43	
851.987	9.59	
852.167	-37.1	
852.346	-46.11	
852.526	-55.12	
852.706	-8.02	
852.886	-11.71	
853.065	14.51	
853.245	-14.17	
853.425	-58.4	
853.605	-29.73	
853.784	-2.29	
853.964	-26.04	
854.143	-28.5	
854.323	57.51	
854.503	13.28	
854.682	-16.21	
854.862	16.96	
855.041	3.04	
855.221	13.28	
855.4	-39.15	
855.58	-19.49	
855.759	2.63	
855.939	-19.08	
856.118	-26.45	
856.298	-38.33	
856.477	20.24	
856.657	-5.15	
856.836	-61.68	
857.015	44.82	
857.195	-19.49	
857.374	-32.19	
857.553	50.14	
857.733	-21.54	
857.912	-46.52	
858.091	-20.31	
858.27	-23.59	
858.45	-37.92	
858.629	-35.05	
858.808	-12.94	
858.987	1.81	
859.166	-10.89	
859.345	-31.37	
859.525	-1.06	
859.704	-3.11	
859.883	-32.19	
860.062	-64.55	
860.241	-6.38	
860.42	22.29	
860.599	-3.52	
860.778	-6.79	
860.957	-37.1	
861.136	-17.44	
861.315	34.17	
861.494	6.31	
861.673	-7.2	
861.852	-22.36	
862.031	26.79	
862.21	25.57	
862.388	-33.01	
862.567	-14.57	
862.746	-15.39	
862.925	41.13	
863.104	2.63	
863.283	-0.65	
863.461	-19.9	
863.64	-17.03	
863.819	11.23	
863.997	15.33	
864.176	-24	
864.355	5.09	
864.534	-22.77	
864.712	21.06	
864.891	-5.15	
865.069	5.5	
865.248	-13.76	
865.427	-5.97	
865.605	25.98	
865.784	-19.9	
865.962	-4.33	
866.141	15.74	
866.319	-43.25	
866.498	-50.62	
866.676	-6.79	
866.855	27.61	
867.033	-15.8	
867.212	-11.3	
867.39	-11.71	
867.568	7.54	
867.747	46.45	
867.925	-32.19	
868.103	16.14	
868.282	-15.8	
868.46	-29.73	
868.638	-5.15	
868.817	23.93	
868.995	6.31	
869.173	-7.61	
869.351	-9.66	
869.529	30.07	
869.708	-14.98	
869.886	-0.65	
870.064	-17.03	
870.242	19.01	
870.42	26.38	
870.598	-49.8	
870.776	-1.88	
870.954	-23.59	
871.133	-22.36	
871.311	16.55	
871.489	16.96	
871.667	-27.68	
871.845	-22.36	
872.023	14.92	
872.2	14.51	
872.378	-11.71	
872.556	-15.8	
872.734	22.29	
872.912	-26.86	
873.09	-51.44	
873.268	-49.39	
873.446	10.82	
873.623	-3.52	
873.801	-7.61	
873.979	-29.32	
874.157	-35.87	
874.335	-40.79	
874.512	6.72	
874.69	25.16	
874.868	-54.71	
875.045	-17.44	
875.223	-42.43	
875.401	16.96	
875.578	-12.94	
875.756	33.35	
875.934	31.71	
876.111	-22.77	
876.289	5.09	
876.466	27.61	
876.644	-27.27	
876.821	-26.86	
876.999	22.7	
877.176	-39.15	
877.354	-18.67	
877.531	14.1	
877.709	19.01	
877.886	14.51	
878.063	30.48	
878.241	-15.8	
878.418	-46.11	
878.596	-43.25	
878.773	54.24	
878.95	-24.4	
879.127	41.54	
879.305	1.4	
879.482	-3.52	
879.659	-12.53	
879.836	-57.58	
880.014	4.68	
880.191	-19.08	
880.368	-23.59	
880.545	-47.75	
880.722	-32.19	
880.9	-4.74	
881.077	19.01	
881.254	12.46	
881.431	-26.04	
881.608	-16.21	
881.785	-10.07	
881.962	18.19	
882.139	-14.17	
882.316	-10.48	
882.493	-12.53	
882.67	-10.89	
882.847	31.71	
883.024	-3.52	
883.201	-37.51	
883.378	0.99	
883.554	-8.02	
883.731	-36.69	
883.908	-4.33	
884.085	-2.7	
884.262	3.04	
884.439	-30.55	
884.615	9.18	
884.792	30.07	
884.969	0.17	
885.146	-19.49	
885.322	3.04	
885.499	14.92	
885.676	4.27	
885.852	13.69	
886.029	-70.69	
886.205	-0.24	
886.382	-39.15	
886.559	47.68	
886.735	-2.29	
886.912	27.61	
887.088	-9.25	
887.265	6.31	
887.441	-30.14	
887.618	-23.59	
887.794	-19.08	
887.971	11.64	
888.147	20.24	
888.324	-5.15	
888.5	-19.49	
888.676	3.45	
888.853	-21.13	
889.029	0.17	
889.205	-3.11	
889.382	28.84	
889.558	-30.55	
889.734	41.54	
889.911	16.14	
890.087	-14.17	
890.263	1.81	
890.439	-75.19	
890.616	-7.61	
890.792	-50.62	
890.968	-28.5	
891.144	22.7	
891.32	-14.98	
891.496	2.22	
891.672	6.72	
891.848	0.17	
892.025	-8.43	
892.201	32.94	
892.377	-51.03	
892.553	-51.03	
892.729	-60.04	
892.905	21.06	
893.081	11.23	
893.256	-29.32	
893.432	-32.6	
893.608	7.54	
893.784	16.96	
893.96	-37.51	
894.136	-3.93	
894.312	33.76	
894.488	4.27	
894.663	-10.89	
894.839	-3.52	
895.015	-6.79	
895.191	50.96	
895.366	-47.75	
895.542	-27.27	
895.718	-12.12	
895.894	-33.42	
896.069	-21.54	
896.245	39.49	
896.421	-47.34	
896.596	10.82	
896.772	-20.72	
896.947	-21.95	
897.123	21.47	
897.298	-27.27	
897.474	3.04	
897.649	-11.71	
897.825	0.58	
898	-5.56	
898.176	-30.55	
898.351	-7.2	
898.527	-31.78	
898.702	-10.48	
898.878	38.26	
899.053	-23.18	
899.228	-24.4	
899.404	-1.06	
899.579	-14.17	
899.754	-57.58	
899.93	30.48	
900.105	-7.2	
900.28	-45.7	
900.455	12.87	
900.631	-11.3	
900.806	-69.05	
900.981	10	
901.156	33.76	
901.331	-41.2	
901.507	-26.45	
901.682	19.01	
901.857	28.43	
902.032	3.45	
902.207	-12.94	
902.382	31.71	
902.557	-2.7	
902.732	7.95	
902.907	22.29	
903.082	1.81	
903.257	-0.65	
903.432	1.81	
903.607	-14.17	
903.782	15.74	
903.957	-5.56	
904.132	-5.97	
904.306	-21.54	
904.481	10	
904.656	-67.82	
904.831	-33.01	
905.006	-22.36	
905.181	1.81	
905.355	2.22	
905.53	-28.91	
905.705	-13.76	
905.879	18.19	
906.054	-61.68	
906.229	23.52	
906.404	36.62	
906.578	-44.48	
906.753	-46.93	
906.927	-10.48	
907.102	1.81	
907.277	-2.7	
907.451	-14.17	
907.626	-30.96	
907.8	-14.17	
907.975	-33.01	
908.149	-41.2	
908.324	-6.79	
908.498	14.92	
908.673	-48.98	
908.847	-26.45	
909.021	-42.84	
909.196	-39.15	
909.37	-30.55	
909.544	5.9	
909.719	-5.56	
909.893	-31.78	
910.067	-44.07	
910.242	37.03	
910.416	-3.52	
910.59	10	
910.764	-6.38	
910.939	5.9	
911.113	-5.15	
911.287	46.45	
911.461	27.61	
911.635	-28.5	
911.809	-42.84	
911.984	-39.97	
912.158	-0.65	
912.332	37.85	
912.506	10.82	
912.68	34.99	
912.854	-0.65	
913.028	-6.38	
913.202	-3.52	
913.376	3.86	
913.55	-44.48	
913.724	-34.64	
913.898	-19.9	
914.071	-2.29	
914.245	34.17	
914.419	-32.6	
914.593	-41.2	
914.767	-28.09	
914.941	35.4	
915.115	-10.48	
915.288	14.92	
915.462	26.79	
915.636	-32.6	
915.81	3.86	
915.983	-25.22	
916.157	-48.98	
916.331	-65.36	
916.504	-4.33	
916.678	34.58	
916.852	-41.2	
917.025	-43.66	
917.199	-18.26	
917.372	-5.56	
917.546	-9.66	
917.719	-32.6	
917.893	11.23	
918.066	4.68	
918.24	3.86	
918.413	-46.52	
918.587	4.27	
918.76	-25.63	
918.934	-33.42	
919.107	13.69	
919.28	32.53	
919.454	-1.47	
919.627	-15.8	
919.8	-25.63	
919.974	12.87	
920.147	-26.04	
920.32	23.93	
920.494	-10.07	
920.667	-1.47	
920.84	24.34	
921.013	-24.4	
921.186	-32.19	
921.36	19.83	
921.533	-17.03	
921.706	-4.33	
921.879	26.38	
922.052	-36.69	
922.225	-19.9	
922.398	-16.62	
922.571	-62.91	
922.744	-20.72	
922.917	-63.32	
923.09	-1.88	
923.263	-8.02	
923.436	3.45	
923.609	17.37	
923.782	1.81	
923.955	-21.95	
924.128	-48.98	
924.301	-17.03	
924.474	-27.27	
924.647	-11.71	
924.819	-3.93	
924.992	7.95	
925.165	28.84	
925.338	-36.28	
925.511	-27.27	
925.683	-28.91	
925.856	-66.18	
926.029	-25.63	
926.201	-48.98	
926.374	2.63	
926.547	2.63	
926.719	0.58	
926.892	38.67	
927.065	-55.12	
927.237	2.63	
927.41	-11.3	
927.582	-14.17	
927.755	-50.21	
927.927	-44.48	
928.1	7.95	
928.272	-26.04	
928.445	-37.51	
928.617	1.81	
928.79	-28.91	
928.962	-58.4	
929.134	3.45	
929.307	-9.25	
929.479	-2.7	
929.651	-12.12	
929.824	44.41	
929.996	-12.12	
930.168	-33.01	
930.341	0.99	
930.513	-42.02	
930.685	32.12	
930.857	4.68	
931.029	-20.31	
931.202	-19.49	
931.374	29.25	
931.546	6.72	
931.718	-19.08	
931.89	32.12	
932.062	-9.25	
932.234	-13.35	
932.406	-6.38	
932.578	-8.43	
932.75	-41.2	
932.922	-27.68	
933.094	3.45	
933.266	-8.43	
933.438	19.42	
933.61	14.51	
933.782	-31.37	
933.954	39.9	
934.126	15.33	
934.298	-57.99	
934.47	13.69	
934.641	-12.94	
934.813	-19.9	
934.985	-24.81	
935.157	-20.31	
935.329	-3.11	
935.5	-9.25	
935.672	-1.06	
935.844	-17.03	
936.015	-1.06	
936.187	-4.33	
936.359	-11.71	
936.53	-8.43	
936.702	-38.74	
936.874	8.36	
937.045	-13.35	
937.217	-1.47	
937.388	41.13	
937.56	11.64	
937.731	-15.39	
937.903	-7.2	
938.074	-14.57	
938.246	5.5	
938.417	-24.81	
938.588	-10.07	
938.76	-17.85	
938.931	-33.42	
939.103	-18.67	
939.274	11.23	
939.445	4.27	
939.617	-17.03	
939.788	43.59	
939.959	34.17	
940.13	-42.02	
940.302	10.82	
940.473	21.88	
940.644	-8.84	
940.815	-17.44	
940.987	-6.79	
941.158	-4.33	
941.329	-8.43	
941.5	8.77	
941.671	-28.5	
941.842	12.87	
942.013	-21.95	
942.184	-30.55	
942.355	-42.84	
942.526	8.77	
942.697	-18.67	
942.868	15.33	
943.039	-1.06	
943.21	34.99	
943.381	-45.7	
943.552	-10.07	
943.723	-24.81	
943.894	19.83	
944.065	4.68	
944.235	-15.39	
944.406	2.22	
944.577	-9.25	
944.748	11.64	
944.919	-31.78	
945.089	-23.18	
945.26	-67.82	
945.431	-8.02	
945.601	-2.7	
945.772	2.63	
945.943	34.17	
946.113	-19.49	
946.284	-26.45	
946.455	-41.61	
946.625	-52.67	
946.796	-9.66	
946.966	-15.39	
947.137	-28.09	
947.307	-21.13	
947.478	-15.8	
947.648	3.45	
947.819	1.4	
947.989	-5.15	
948.16	14.92	
948.33	-16.21	
948.5	25.16	
948.671	-28.5	
948.841	-4.74	
949.012	15.33	
949.182	-50.62	
949.352	25.98	
949.522	-12.94	
949.693	19.42	
949.863	-10.48	
950.033	-28.5	
950.203	-24.4	
950.374	16.14	
950.544	-28.09	
950.714	-25.63	
950.884	-26.45	
951.054	56.69	
951.224	6.31	
951.394	19.01	
951.564	86.59	
951.735	-46.11	
951.905	40.72	
952.075	-63.73	
952.245	4.27	
952.415	5.5	
952.585	-23.18	
952.754	47.68	
952.924	0.17	
953.094	-54.31	
953.264	6.72	
953.434	-38.74	
953.604	12.46	
953.774	-5.97	
953.944	43.18	
954.113	-19.08	
954.283	-37.92	
954.453	-9.66	
954.623	-13.76	
954.792	-3.52	
954.962	30.07	
955.132	3.04	
955.302	-50.62	
955.471	-60.45	
955.641	-44.48	
955.81	9.59	
955.98	-19.9	
956.15	14.1	
956.319	-7.61	
956.489	-59.22	
956.658	-26.04	
956.828	-0.24	
956.997	-35.05	
957.167	26.79	
957.336	-32.6	
957.506	-12.53	
957.675	-33.01	
957.845	42.36	
958.014	-4.33	
958.183	-39.97	
958.353	-32.19	
958.522	4.68	
958.691	10.41	
958.861	-0.24	
959.03	-53.49	
959.199	40.31	
959.368	-15.8	
959.538	-6.38	
959.707	14.92	
959.876	14.1	
960.045	-10.89	
960.214	10.82	
960.383	12.46	
960.553	-24.81	
960.722	-16.21	
960.891	-16.21	
961.06	-5.97	
961.229	44	
961.398	-10.07	
961.567	-7.61	
961.736	30.07	
961.905	-9.66	
962.074	-34.24	
962.243	41.54	
962.412	15.33	
962.581	-41.2	
962.75	8.77	
962.918	-9.25	
963.087	-69.87	
963.256	-20.72	
963.425	-3.11	
963.594	-19.9	
963.763	27.2	
963.931	-8.84	
964.1	10.41	
964.269	-20.31	
964.437	-30.55	
964.606	35.4	
964.775	44.82	
964.943	-48.16	
965.112	30.07	
965.281	-9.66	
965.449	-5.15	
965.618	-28.09	
965.786	5.09	
965.955	-6.79	
966.124	-63.73	
966.292	-28.09	
966.461	9.18	
966.629	7.95	
966.797	-62.91	
966.966	-19.9	
967.134	-14.57	
967.303	37.44	
967.471	-19.08	
967.639	-39.97	
967.808	-54.71	
967.976	-18.26	
968.144	19.42	
968.313	-19.49	
968.481	-36.28	
968.649	26.79	
968.817	21.06	
968.986	29.66	
969.154	-3.52	
969.322	-16.21	
969.49	3.86	
969.658	-26.86	
969.827	19.01	
969.995	-32.6	
970.163	16.96	
970.331	0.17	
970.499	22.29	
970.667	-7.61	
970.835	-12.94	
971.003	-61.27	
971.171	-23.59	
971.339	21.47	
971.507	-13.35	
971.675	18.19	
971.843	-9.66	
972.011	38.67	
972.178	-8.02	
972.346	49.73	
972.514	30.48	
972.682	-18.67	
972.85	-33.01	
973.018	-5.56	
973.185	-3.93	
973.353	-40.79	
973.521	1.4	
973.689	22.7	
973.856	-37.1	
974.024	-14.57	
974.192	-0.24	
974.359	11.23	
974.527	8.36	
974.694	-29.32	
974.862	28.43	
975.03	17.37	
975.197	-50.62	
975.365	4.27	
975.532	-3.93	
975.7	-8.02	
975.867	-6.38	
976.035	19.83	
976.202	-22.77	
976.369	6.72	
976.537	-4.33	
976.704	19.42	
976.872	0.58	
977.039	-28.5	
977.206	20.24	
977.374	58.74	
977.541	31.3	
977.708	6.72	
977.875	-34.64	
978.043	-24	
978.21	-18.26	
978.377	12.87	
978.544	-29.32	
978.711	2.22	
978.879	-30.55	
979.046	-3.93	
979.213	10.82	
979.38	-14.98	
979.547	-10.48	
979.714	-7.61	
979.881	-28.5	
980.048	-2.7	
980.215	25.57	
980.382	-24	
980.549	-14.57	
980.716	21.06	
980.883	-35.05	
981.05	-37.1	
981.217	-11.71	
981.384	-22.36	
981.55	-15.39	
981.717	-9.25	
981.884	-7.61	
982.051	1.81	
982.218	9.18	
982.384	10	
982.551	-30.14	
982.718	5.09	
982.885	-51.44	
983.051	-12.94	
983.218	-20.31	
983.385	-1.88	
983.551	-3.93	
983.718	35.4	
983.885	24.75	
984.051	-9.25	
984.218	8.36	
984.384	-31.37	
984.551	17.37	
984.717	-74.78	
984.884	20.24	
985.05	-40.79	
985.217	8.36	
985.383	-21.13	
985.55	-26.45	
985.716	-28.09	
985.882	-26.86	
986.049	-40.38	
986.215	8.36	
986.381	-33.83	
986.548	-38.33	
986.714	-43.25	
986.88	3.45	
987.046	-41.61	
987.213	-25.63	
987.379	-15.39	
987.545	-21.13	
987.711	-17.44	
987.877	-19.49	
988.044	26.38	
988.21	-19.9	
988.376	-22.36	
988.542	12.46	
988.708	6.31	
988.874	-14.57	
989.04	11.23	
989.206	-33.01	
989.372	17.37	
989.538	-36.69	
989.704	41.54	
989.87	9.59	
990.036	-18.26	
990.202	-25.63	
990.368	-24	
990.534	-23.59	
990.699	-14.57	
990.865	-24.4	
991.031	-29.73	
991.197	29.25	
991.363	21.47	
991.528	-0.65	
991.694	-0.65	
991.86	-40.38	
992.025	-30.14	
992.191	-20.31	
992.357	-25.22	
992.522	-19.9	
992.688	-5.56	
992.854	-12.53	
993.019	-18.67	
993.185	3.86	
993.35	-6.79	
993.516	-38.74	
993.681	-30.96	
993.847	-40.38	
994.012	-23.18	
994.178	-11.71	
994.343	10.41	
994.509	-18.67	
994.674	-37.51	
994.84	16.96	
995.005	14.51	
995.17	-2.7	
995.336	10	
995.501	42.36	
995.666	3.86	
995.831	-20.31	
995.997	-24	
996.162	-57.17	
996.327	61.2	
996.492	-25.22	
996.658	-5.97	
996.823	6.31	
996.988	-29.73	
997.153	-12.53	
997.318	-19.9	
997.483	-17.03	
997.648	-16.21	
997.813	-18.67	
997.978	12.05	
998.143	-17.85	
998.308	-9.25	
998.473	-4.33	
998.638	-59.22	
998.803	-8.43	
998.968	1.81	
999.133	2.22	
999.298	-21.95	
999.463	-31.37	
999.628	-4.33	
999.793	-31.78	
999.957	-21.54	
1000.122	-20.72	
1000.287	-51.03	
1000.452	-14.57	
1000.616	-38.74	
1000.781	-55.12	
1000.946	0.17	
1001.111	-12.12	
1001.275	12.05	
1001.44	-32.6	
1001.604	-50.21	
1001.769	-19.08	
1001.934	-39.56	
1002.098	-19.08	
1002.263	1.81	
1002.427	3.45	
1002.592	-10.48	
1002.756	-21.13	
1002.921	-4.33	
1003.085	57.51	
1003.25	14.51	
1003.414	19.42	
1003.579	-39.97	
1003.743	-13.35	
1003.907	30.48	
1004.072	-28.09	
1004.236	-24	
1004.4	3.45	
1004.565	17.37	
1004.729	1.4	
1004.893	-12.12	
1005.057	-12.53	
1005.222	-33.01	
1005.386	-1.06	
1005.55	17.78	
1005.714	-61.27	
1005.878	-5.56	
1006.042	-18.67	
1006.206	5.09	
1006.371	-25.22	
1006.535	25.57	
1006.699	5.9	
1006.863	-47.34	
1007.027	-3.52	
1007.191	-13.35	
1007.355	-36.69	
1007.519	-14.17	
1007.683	40.72	
1007.847	0.58	
1008.01	-11.71	
1008.174	5.5	
1008.338	3.04	
1008.502	-11.3	
1008.666	-17.03	
1008.83	-29.73	
1008.993	-21.54	
1009.157	-49.8	
1009.321	-42.02	
1009.485	17.78	
1009.648	-11.3	
1009.812	-8.43	
1009.976	-22.77	
1010.139	-13.76	
1010.303	18.19	
1010.467	-16.62	
1010.63	-43.25	
1010.794	-34.24	
1010.957	-8.43	
1011.121	12.05	
1011.285	-14.17	
1011.448	-19.08	
1011.612	-8.02	
1011.775	36.62	
1011.938	15.74	
1012.102	-7.2	
1012.265	-1.47	
1012.429	-39.15	
1012.592	0.99	
1012.755	32.94	
1012.919	21.47	
1013.082	-12.53	
1013.245	-26.86	
1013.409	23.11	
1013.572	-10.48	
1013.735	7.13	
1013.898	0.99	
1014.062	6.72	
1014.225	-34.64	
1014.388	16.55	
1014.551	-7.61	
1014.714	10.82	
1014.877	12.05	
1015.041	-24.81	
1015.204	21.88	
1015.367	48.5	
1015.53	11.64	
1015.693	-30.14	
1015.856	5.9	
1016.019	-39.97	
1016.182	-7.2	
1016.345	-45.7	
1016.508	0.58	
1016.67	-17.03	
1016.833	-30.96	
1016.996	44.82	
1017.159	-27.27	
1017.322	9.18	
1017.485	21.06	
1017.648	-7.2	
1017.81	16.14	
1017.973	59.97	
1018.136	-0.24	
1018.298	-10.48	
1018.461	7.13	
1018.624	-17.03	
1018.787	-12.53	
1018.949	-11.71	
1019.112	-18.67	
1019.274	-39.15	
1019.437	-24	
1019.6	21.06	
1019.762	-30.14	
1019.925	-2.29	
1020.087	-7.2	
1020.25	-11.3	
1020.412	3.45	
1020.575	-44.48	
1020.737	0.17	
1020.899	-41.61	
1021.062	3.45	
1021.224	16.96	
1021.387	-31.78	
1021.549	11.64	
1021.711	-33.83	
1021.874	-3.52	
1022.036	-3.52	
1022.198	-48.98	
1022.36	9.18	
1022.523	-1.06	
1022.685	-6.79	
1022.847	3.45	
1023.009	-25.63	
1023.171	41.54	
1023.333	4.68	
1023.496	-61.27	
1023.658	-36.69	
1023.82	6.31	
1023.982	0.17	
1024.144	-30.55	
1024.306	-31.78	
1024.468	-63.32	
1024.63	-3.52	
1024.792	-35.46	
1024.954	-0.65	
1025.116	-19.08	
1025.278	45.23	
1025.44	16.14	
1025.601	9.59	
1025.763	-36.28	
1025.925	12.05	
1026.087	10.41	
1026.249	-14.98	
1026.41	-18.67	
1026.572	-39.15	
1026.734	31.71	
1026.896	-36.69	
1027.057	-18.67	
1027.219	-6.79	
1027.381	4.27	
1027.542	-8.02	
1027.704	-15.39	
1027.866	0.58	
1028.027	-9.25	
1028.189	-1.06	
1028.35	8.77	
1028.512	30.07	
1028.673	-13.35	
1028.835	-35.05	
1028.996	18.19	
1029.158	-0.24	
1029.319	-36.28	
1029.481	7.13	
1029.642	-24.81	
1029.803	6.31	
1029.965	-30.14	
1030.126	-77.24	
1030.287	3.45	
1030.449	-48.16	
1030.61	-1.47	
1030.771	-12.94	
1030.933	-7.2	
1031.094	21.06	
1031.255	3.04	
1031.416	0.17	
1031.577	3.45	
1031.738	-8.43	
1031.9	-40.79	
1032.061	-38.74	
1032.222	11.23	
1032.383	-2.7	
1032.544	-9.25	
1032.705	-68.23	
1032.866	-32.19	
1033.027	-12.53	
1033.188	-24.81	
1033.349	-8.02	
1033.51	15.74	
1033.671	-42.02	
1033.832	-42.84	
1033.993	0.99	
1034.153	17.37	
1034.314	-9.66	
1034.475	-3.93	
1034.636	14.51	
1034.797	-59.22	
1034.957	-12.94	
1035.118	-38.74	
1035.279	-10.89	
1035.44	-26.86	
1035.6	-32.19	
1035.761	9.18	
1035.922	-29.73	
1036.082	-39.15	
1036.243	-42.84	
1036.404	-13.76	
1036.564	-63.32	
1036.725	24.34	
1036.885	-5.15	
1037.046	0.17	
1037.206	10.82	
1037.367	34.17	
1037.527	-0.24	
1037.688	-30.55	
1037.848	4.27	
1038.008	39.08	
1038.169	-7.2	
