#Fringes	Voltage (Trial 3)
1	-1.056
2	-1.152
3	-1.224
4	-1.355
5	-1.474
6	-1.584
7	-1.757
8	-1.929
9	-2.086
10	-2.234
11	-2.379
12	-2.694
13	-2.801
14	-2.895
15	-2.986
16	-3.162
17	-3.240
18	-3.360
19	-3.420
20	-3.550
21	-3.730
22	-3.840
23	-3.940
24	-4.090
25	-4.180
26	-4.310
27	-4.400
28	-4.550
29	-4.660
30	-4.770
31	-4.900
32	-5.020
33	-5.140
34	-5.390
35	-5.500
36	-5.620
37	-5.730
38	-5.870
39	-5.990
40	-6.110
41	-6.200
42	-6.340
43	-6.430
44	-6.500
45	-6.670
46	-6.810
47	-6.940
48	-7.060
49	-7.170
50	-7.280
51	-7.420
52	-7.530
53	-7.660
54	-7.790
55	-7.900
56	-8.010
57	-8.120
58	-8.220
59	-8.380
60	-8.490
61	-8.620
62	-8.720
63	-8.820
64	-8.960
65	-9.090
66	-9.200
67	-9.310
68	-9.430
69	-9.550
70	-9.670