#Fringes	Voltage (Trial 4)
1	-9.290
2	-9.280
3	-9.190
4	-9.070
5	-8.750
6	-8.600
7	-8.470
8	-8.210
9	-8.100
10	-7.980
11	-7.880
12	-7.790
13	-7.630
14	-7.520
15	-7.410
16	-7.280
17	-7.150
18	-7.030
19	-6.940
20	-6.800
21	-6.690
22	-6.560
23	-6.440
24	-6.320
25	-6.210
26	-6.100
27	-5.970
28	-5.870
29	-5.750
30	-5.630
31	-5.520
32	-5.370
33	-5.260
34	-5.160
35	-5.010
36	-4.910
37	-4.800
38	-4.680
39	-4.550
40	-4.440
41	-4.320
42	-4.200
43	-4.100
44	-3.970
45	-3.850
46	-3.730
47	-3.600
48	-3.480
49	-3.380
50	-3.240
51	-3.150
52	-3.020
53	-2.890
54	-2.695
55	-2.676
56	-2.585
57	-2.433
58	-2.331
59	-2.196
60	-2.088
61	-1.958
62	-1.833
63	-1.736
64	-1.611
65	-1.226
66	-1.066
67	-1.030
68	-0.894
69	-0.776
70	-0.679
71	-0.543
72	-0.422